20MICRONS,20210113,40.5,41.05,38.5,39,286999
21STCENMGM,20210113,10.65,10.95,10.6,10.6,2655
3IINFOTECH,20210113,8.55,8.55,8.55,8.55,6108862
3MINDIA,20210113,21600,21750,21211,21267.55,4715
3PLAND,20210113,10.2,10.75,10.2,10.2,4770
5PAISA,20210113,387.75,387.75,350.1,357.8,197350
63MOONS,20210113,79.15,79.8,78,78.2,71536
8KMILES,20210113,84,85.85,80,81.85,38357
A2ZINFRA,20210113,5.6,5.65,5.15,5.2,1452801
AAKASH,20210113,81.45,87.7,80.75,82.7,100969
AARON,20210113,52.7,55.9,52.7,53.05,3590
AARTIDRUGS,20210113,722.85,728,703,706.9,356778
AARTIIND,20210113,1285,1291.55,1273,1281.15,492339
AARTISURF,20210113,990,1009.8,984.5,990.95,8849
AARVEEDEN,20210113,18.45,18.45,17.5,17.8,10218
AARVI,20210113,49.8,50.9,46.5,47,19971
AAVAS,20210113,1985,2034.95,1961,1989.9,95717
ABAN,20210113,31.7,32,30,30.55,105293
ABB,20210113,1277.8,1294,1265,1280.5,159570
ABBOTINDIA,20210113,15450.7,15505,14925,15001.55,40084
ABCAPITAL,20210113,90.55,93.3,89.2,91.3,3457441
ABFRL,20210113,177,181.9,175,180.55,4537370
ABMINTLTD,20210113,24,24.5,23.5,24.5,723
ABSLBANETF,20210113,322.46,323.75,321.15,323.46,56
ABSLNN50ET,20210113,333.8,339.5,328.15,334.31,160
ACC,20210113,1795.15,1811.7,1771.1,1792.4,922665
ACCELYA,20210113,976.9,997.55,961.5,968.75,16768
ACCURACY,20210113,39.8,40.35,36.7,38.55,45609
ACE,20210113,140.35,142.55,138,139,278424
ADANIENT,20210113,529.1,540.2,521.3,536.05,4948731
ADANIGREEN,20210113,930,935.4,900.1,922.15,985028
ADANIPORTS,20210113,515.9,540,514.6,536.65,11045555
ADANIPOWER,20210113,56.3,56.75,52.95,53.65,9072086
ADANITRANS,20210113,450,454.15,441.5,446.85,290357
ADFFOODS,20210113,639.15,639.95,610.15,615.85,29927
ADHUNIKIND,20210113,25,25,24,24.45,20087
ADL,20210113,30.35,30.35,28.7,28.7,7731
ADORWELD,20210113,298.05,304.95,291.25,295.4,38484
ADROITINFO,20210113,11.4,11.8,11.2,11.7,12470
ADSL,20210113,44,44.5,41.8,41.8,171883
ADVANIHOTR,20210113,51.05,51.5,49.5,49.75,7182
ADVENZYMES,20210113,331.95,333.9,322.05,324.45,165021
AEGISCHEM,20210113,259.8,279.9,259.75,276.95,1607932
AFFLE,20210113,3887,3900,3777,3791.4,66892
AGARIND,20210113,157,164.95,147.3,149.35,200115
AGCNET,20210113,750,750,727,745.05,2751
AGRITECH,20210113,37.2,39.45,37.2,39.1,4733
AGROPHOS,20210113,14.75,15.4,14.5,15.05,99292
AHLEAST,20210113,163.05,170.45,161.45,169,5542
AHLUCONT,20210113,265.2,268,258.15,262.95,23483
AHLWEST,20210113,264.45,264.5,258.2,258.35,1103
AIAENG,20210113,2022,2105.6,2013.75,2065.8,127499
AIRAN,20210113,19.45,19.45,18.25,18.6,55326
AJANTPHARM,20210113,1829,1829,1751,1777.45,105902
AJMERA,20210113,138.65,140.55,133.7,136.8,106061
AKASH,20210113,243.5,248.95,235,239.85,37463
AKSHARCHEM,20210113,285,290.35,273,276.4,43229
AKSHOPTFBR,20210113,8.25,8.5,8.05,8.25,541808
AKZOINDIA,20210113,2371.75,2395.9,2350,2366.3,8720
ALANKIT,20210113,19.3,19.3,18.45,18.65,148736
ALBERTDAVD,20210113,457.1,457.15,446.55,447.35,11299
ALEMBICLTD,20210113,106.45,106.7,103.5,105.05,351187
ALICON,20210113,388.85,424.85,382.55,398.9,35720
ALKALI,20210113,67,68.45,59.15,63.5,1164858
ALKEM,20210113,3083.6,3114,3050.15,3091.5,181970
ALKYLAMINE,20210113,4838.8,4849,4700,4781.25,27370
ALLCARGO,20210113,135.4,135.9,132.9,133.45,313000
ALLSEC,20210113,282.5,283.9,273.95,275.25,7907
ALMONDZ,20210113,20,20.8,19.8,20.65,17464
ALOKINDS,20210113,23.6,23.8,23,23.15,10221419
ALPA,20210113,37.5,38.15,36.1,36.55,24023
ALPHAGEO,20210113,207.9,208,202.4,203.85,18696
ALPSINDUS,20210113,1.95,1.95,1.95,1.95,14991
AMARAJABAT,20210113,1005.9,1013.6,980.3,986.35,795209
AMBER,20210113,2585,2591,2471,2497.6,147453
AMBIKCO,20210113,1170,1195,1072.65,1105.3,63995
AMBUJACEM,20210113,268.1,269.4,261.1,264.9,5267492
AMDIND,20210113,20.3,21.8,19.2,19.55,72820
AMJLAND,20210113,27.85,29.45,27.15,27.6,53713
AMRUTANJAN,20210113,551,555,530,537.1,65076
ANANTRAJ,20210113,31.7,32.45,30.15,30.45,1349424
ANDHRACEMT,20210113,6.25,6.45,6.15,6.2,391723
ANDHRAPAP,20210113,219,221.9,215.05,219.15,53506
ANDHRSUGAR,20210113,343.4,352,339.1,346.3,155792
ANGELBRKG,20210113,363,366.85,347,348.8,256008
ANIKINDS,20210113,16.9,17.4,16.5,16.9,7745
ANKITMETAL,20210113,1.6,1.6,1.6,1.6,6100
ANSALAPI,20210113,9.65,9.65,9.65,9.65,115067
ANSALHSG,20210113,7.75,7.95,7.25,7.3,111709
ANUP,20210113,734.55,740.6,721.2,725.25,15170
APARINDS,20210113,392.8,404.7,383,388.15,199826
APCL,20210113,219.9,220.7,213.8,219.45,67749
APCOTEXIND,20210113,175.05,179.8,171.95,172.75,280294
APEX,20210113,300.4,310.15,300.4,303.45,109808
APLAPOLLO,20210113,969,973,945.5,950.25,726796
APLLTD,20210113,1104.95,1120,1073.1,1090.5,200948
APOLLO,20210113,141,144.95,136,138.4,314986
APOLLOHOSP,20210113,2528,2537.75,2437.75,2479.2,662618
APOLLOPIPE,20210113,745,755.05,719.6,748.05,107294
APOLLOTYRE,20210113,194.9,196.2,187.25,191.9,8491908
APOLSINHOT,20210113,595.9,595.9,571.55,573.95,1645
APTECHT,20210113,148,154,147.45,152.35,676549
ARCHIDPLY,20210113,38,39,37.2,37.55,60995
ARCHIES,20210113,14.65,14.65,14,14.2,74916
ARENTERP,20210113,12.6,12.8,12.1,12.15,1708
ARIES,20210113,102,106.9,101.35,103.5,64103
ARIHANT,20210113,22.6,23.3,21.6,21.7,1391
ARIHANTSUP,20210113,40,40.95,37.5,38.55,24117
ARMANFIN,20210113,715,715,695.05,702.7,6882
AROGRANITE,20210113,59.4,59.4,52.55,54.45,211277
ARROWGREEN,20210113,62.9,64.8,59.5,60.45,10858
ARSHIYA,20210113,29.8,29.8,27,29.8,865121
ARSSINFRA,20210113,26.9,27.4,25.8,26.2,63973
ARTEMISMED,20210113,232.8,233,225,225.1,1852
ARVIND,20210113,56.35,56.45,54,55.45,2666318
ARVINDFASN,20210113,168.6,172,165,167.25,487636
ARVSMART,20210113,114.8,115,110,111.4,177192
ASAHIINDIA,20210113,288,288,275,276.5,43532
ASAHISONG,20210113,243.95,244.75,238,240.95,21759
ASAL,20210113,33.7,33.7,33.45,33.7,14744
ASALCBR,20210113,331.95,344,326,328.15,60061
ASHAPURMIN,20210113,119.1,124.8,119.1,124.8,700802
ASHIANA,20210113,104.85,104.85,100.5,102.2,79513
ASHIMASYN,20210113,13.5,13.7,13,13.55,162016
ASHOKA,20210113,95.85,96.5,93.2,94.15,1376513
ASHOKLEY,20210113,123.1,125.45,118.3,121.65,51341074
ASIANHOTNR,20210113,74.85,77.1,74.75,75.7,5875
ASIANPAINT,20210113,2760,2763,2678,2703.7,2862676
ASIANTILES,20210113,288,297,287.55,294.15,337111
ASPINWALL,20210113,165,171.95,165,167.45,2626
ASTEC,20210113,1278.9,1278.9,1235.1,1257.05,60066
ASTERDM,20210113,164,166,162.5,163.55,139020
ASTRAL,20210113,1739.9,1754.85,1715,1721.9,204400
ASTRAMICRO,20210113,124,126.05,122.1,122.5,312626
ASTRAZEN,20210113,4350.4,4400,4230,4276.8,64283
ASTRON,20210113,51.3,52.9,49.8,51.45,62232
ATFL,20210113,830,851,828.85,845.4,10978
ATGL,20210113,367.3,369.9,355.1,363.8,1171644
ATLANTA,20210113,9.95,9.95,9.3,9.4,34688
ATUL,20210113,6629,6729,6600.05,6612.75,127126
ATULAUTO,20210113,194.6,195.95,187.25,188.7,150907
AUBANK,20210113,908.95,908.95,884.15,892.5,730301
AURIONPRO,20210113,84.7,87.9,78.6,80.65,45984
AUROPHARMA,20210113,960.2,974.9,928.35,947.2,2998390
AUSOMENT,20210113,50.95,52,50.1,50.75,6658
AUTOAXLES,20210113,1129,1134.9,1066.75,1077.8,104703
AUTOIND,20210113,35.25,36,35,35.15,32549
AUTOLITIND,20210113,37.5,41.25,36.1,41.25,471191
AVADHSUGAR,20210113,221,222.45,213.95,215.7,101570
AVANTIFEED,20210113,522,528.8,516,516.9,221047
AVTNPL,20210113,49.5,49.75,46.8,47.8,254245
AWHCL,20210113,373.05,377.9,366.45,374.55,498965
AXISBANK,20210113,676,691.2,669.05,687.8,15645903
AXISBNKETF,20210113,338,338,320,323.8,659
AXISCADES,20210113,57.85,57.85,55.5,55.65,30414
AXISGOLD,20210113,43.39,43.39,42.95,42.98,128597
AXISNIFTY,20210113,155.71,158,150,150.72,6003
AYMSYNTEX,20210113,44.6,46.2,42.25,43.35,13279
BAFNAPH,20210113,150,155,142.2,148.75,4718
BAGFILMS,20210113,3.35,3.55,3.3,3.3,68680
BAJAJ-AUTO,20210113,3624.25,3633,3577,3600.9,515154
BAJAJCON,20210113,224.9,229.3,222.5,224.75,440352
BAJAJELEC,20210113,712.65,838,710.05,818.25,2762808
BAJAJFINSV,20210113,9004.8,9030,8710.15,8793.65,514078
BAJAJHIND,20210113,6.7,7,6.5,6.7,7235296
BAJAJHLDNG,20210113,3200,3239.95,3181.05,3201.65,86799
BAJFINANCE,20210113,5066,5074,4826.25,4902.9,3269373
BALAJITELE,20210113,69.65,69.85,67.55,68.15,172783
BALAMINES,20210113,1201.5,1204.35,1150,1158.45,129315
BALAXI,20210113,643.95,643.95,601.1,614.7,2457
BALKRISHNA,20210113,21.4,22.4,21.4,22.4,24413
BALKRISIND,20210113,1696,1699.85,1667.15,1690.4,603147
BALMLAWRIE,20210113,126,126.8,122.65,123.8,633954
BALPHARMA,20210113,57,57.5,55.65,56,22531
BALRAMCHIN,20210113,184,186.5,181.75,183.3,3093885
BANARBEADS,20210113,63.25,63.65,58.6,59.35,26944
BANARISUG,20210113,1511.05,1511.05,1457.35,1489,2307
BANCOINDIA,20210113,141.25,143.7,136.85,139.35,187614
BANDHANBNK,20210113,395.3,395.45,371,375.1,21737588
BANG,20210113,30.25,30.25,28.9,29.4,7853
BANKA,20210113,65.95,66.25,62,62,7394
BANKBARODA,20210113,72,76,70.05,75.25,127567552
BANKBEES,20210113,327.48,328.3,323.76,327.83,837336
BANKINDIA,20210113,54,56.75,52.55,54.3,22583101
BANSWRAS,20210113,128.55,131.9,121.05,121.05,38228
BASF,20210113,1708.8,1724,1645,1656.1,35014
BASML,20210113,156,162,154,155.1,11499
BATAINDIA,20210113,1638,1662,1612,1634.55,1016507
BAYERCROP,20210113,5655,5759,5535,5724.35,43616
BBL,20210113,925.85,945.4,914.5,917.6,16926
BBTC,20210113,1320,1327.65,1287,1298.5,108386
BCG,20210113,7.1,7.5,7.1,7.5,6394434
BCP,20210113,7,7,6.55,6.6,107376
BDL,20210113,343.05,346.7,335,337.3,307234
BEARDSELL,20210113,9.8,9.85,9,9.35,35476
BECTORFOOD,20210113,437,443.9,427,429.05,720330
BEDMUTHA,20210113,27.95,27.95,26.3,26.5,10514
BEL,20210113,134.55,137.7,132.45,134.05,12818493
BEML,20210113,975.1,988,955.6,961.9,408023
BEPL,20210113,168,168,155,157.75,2288130
BERGEPAINT,20210113,803.2,805.9,787.7,796.6,715762
BFINVEST,20210113,308.9,313.9,301,307.65,92085
BFUTILITIE,20210113,300.75,314.45,296.8,306.4,976399
BGRENERGY,20210113,46.85,46.85,45.5,45.6,36036
BHAGERIA,20210113,164.85,164.9,160.8,161.85,34363
BHAGYANGR,20210113,34.6,35.5,33.1,34.4,21097
BHAGYAPROP,20210113,29.75,30.8,24.8,25.1,397858
BHANDARI,20210113,3.75,3.75,3.65,3.75,1271932
BHARATFORG,20210113,624.7,676.9,615.25,628.25,15115174
BHARATGEAR,20210113,73.3,78,73.3,75.45,6756
BHARATRAS,20210113,10409,10758,10409,10526.7,30251
BHARATWIRE,20210113,35.3,37.95,34.65,36.2,57644
BHARTIARTL,20210113,588,601.7,567,578.25,83668562
BHEL,20210113,39.65,42.3,39.65,40.75,154573968
BIGBLOC,20210113,96,100.3,94.5,97.35,32060
BIL,20210113,156,156,148,150.35,8272
BINDALAGRO,20210113,20.5,20.5,18.65,18.85,186378
BIOCON,20210113,472,472.2,460.55,462.8,3430890
BIOFILCHEM,20210113,148.4,164,148.4,164,271429
BIRLACABLE,20210113,68.1,69.45,65.65,66.35,112858
BIRLACORPN,20210113,740,754.3,724.6,732.85,224023
BIRLAMONEY,20210113,51.3,51.65,49.5,50.55,329866
BIRLATYRE,20210113,28.95,29.65,27.3,28.8,1385983
BKMINDST,20210113,1.4,1.4,1.35,1.35,57861
BLBLIMITED,20210113,5.7,6.15,5.7,5.95,15689
BLISSGVS,20210113,215.7,220,202.75,206.4,2185497
BLKASHYAP,20210113,12,12.15,11.4,11.7,166325
BLS,20210113,115,118.2,110.45,113.5,238352
BLUECOAST,20210113,4.9,4.9,4.8,4.8,5200
BLUEDART,20210113,4040,4040,3900,3998.55,7820
BLUESTARCO,20210113,802.1,804.75,772.35,791.3,109699
BODALCHEM,20210113,78.5,79.45,75.5,76.85,406519
BOMDYEING,20210113,82.9,83.25,78.55,80.2,2547521
BOROLTD,20210113,211.5,220.75,207.5,209.85,266784
BORORENEW,20210113,274,285.45,270.1,276.15,1074373
BOSCHLTD,20210113,14702,15348,14525.05,14780.5,191862
BPCL,20210113,406,425,404.65,411.9,21181147
BPL,20210113,23.05,24,23.05,23.2,93035
BRFL,20210113,12.15,12.15,11.4,11.55,172433
BRIGADE,20210113,276.45,281.15,262.2,268.25,266202
BRITANNIA,20210113,3640,3648,3600,3621.15,798273
BRNL,20210113,35.9,36,34.55,34.85,127933
BROOKS,20210113,73.4,73.4,68.85,69.15,49492
BSE,20210113,637.2,640,624,629.1,275975
BSELINFRA,20210113,1.3,1.4,1.3,1.4,113281
BSHSL,20210113,94.6,94.9,90.15,94.5,2992
BSL,20210113,36.05,36.95,36,36.15,18545
BSLGOLDETF,20210113,4550,4575,4525,4534.3,500
BSLNIFTY,20210113,163.64,163.64,159.28,160,483
BSOFT,20210113,267.3,273.8,262,266.25,1068697
BURGERKING,20210113,151,152.85,143.7,144.95,7660500
BURNPUR,20210113,2.7,2.7,2.7,2.7,10762
BUTTERFLY,20210113,530,530,519.55,522.75,30159
BVCL,20210113,19,19.25,17.5,17.5,8244
BYKE,20210113,21.05,21.75,20.35,20.75,41878
CADILAHC,20210113,493,494.5,481.65,487.05,2727835
CALSOFT,20210113,11,11.1,10.65,10.65,15179
CAMLINFINE,20210113,121.6,122.7,117.5,119.1,413872
CAMS,20210113,1817.95,1865,1796.05,1840.75,199541
CANBK,20210113,139.9,145.9,136,144.8,64892458
CANFINHOME,20210113,500,503.4,481,496,603139
CANTABIL,20210113,378,381.3,371,374.75,163739
CAPACITE,20210113,183.9,188,177.45,180.85,191842
CAPLIPOINT,20210113,487.9,488.6,480,481.15,100376
CAPTRUST,20210113,102.85,102.9,97.55,100.1,15385
CARBORUNIV,20210113,409.25,431,405.8,420.2,1357497
CAREERP,20210113,170,174.4,165.55,166.65,208995
CARERATING,20210113,518.1,527.5,509.2,513.85,277825
CASTROLIND,20210113,129.5,130.65,128,129.25,1830352
CCHHL,20210113,5.5,5.5,5.25,5.25,65990
CCL,20210113,260.5,262.4,257,258.6,194875
CDSL,20210113,533.8,544,524.4,529.55,914480
CEATLTD,20210113,1205,1250,1178.05,1183.55,681124
CEBBCO,20210113,29.75,30.4,27.6,27.75,488470
CELEBRITY,20210113,7,7,6.65,6.8,58589
CENTENKA,20210113,223.4,223.95,213.85,217.5,44017
CENTEXT,20210113,5.1,5.35,5.1,5.15,100011
CENTRALBK,20210113,14.7,14.75,14.2,14.45,8552956
CENTRUM,20210113,25.35,27.3,23.5,24.8,5026231
CENTUM,20210113,481,481.5,452.5,470.1,12126
CENTURYPLY,20210113,250.25,252.05,242,246.9,173759
CENTURYTEX,20210113,433.4,433.4,419,424.6,654531
CERA,20210113,3683.75,3729.55,3538.2,3623.15,21277
CEREBRAINT,20210113,35,37.5,34.75,36.65,958089
CESC,20210113,669.9,694.7,651.35,683.9,5371766
CESCVENT,20210113,318.6,325,308,317.25,57029
CGCL,20210113,342.6,348.6,340,341.3,76648
CGPOWER,20210113,42,42.5,40.8,41.1,2080906
CHALET,20210113,181.7,183.45,180.2,180.9,206932
CHAMBLFERT,20210113,233.75,237,230.2,232.2,629971
CHEMBOND,20210113,182.7,187,178.8,181.55,22743
CHEMCON,20210113,465,474.4,450.15,453.35,452968
CHEMFAB,20210113,149.4,151.35,144.6,145.25,18576
CHENNPETRO,20210113,126.95,132.65,125,129.35,2381955
CHOLAFIN,20210113,447.4,448.75,419.7,427.9,5255513
CHOLAHLDNG,20210113,587.8,587.8,560,567.2,192952
CIGNITITEC,20210113,391,419.65,385,411.7,171716
CINELINE,20210113,42.45,50.1,41.25,48.6,4411657
CINEVISTA,20210113,6.65,6.7,6.25,6.4,18601
CIPLA,20210113,847.35,852,832.5,841.7,3596529
CLEDUCATE,20210113,70.05,73.95,70.05,71.65,29612
CLNINDIA,20210113,381.1,381.1,366.35,367.65,46148
CMICABLES,20210113,40.5,40.5,38.6,39.4,11225
CNOVAPETRO,20210113,7.7,7.7,7.4,7.4,1204
COALINDIA,20210113,148.5,148.8,143.5,145.8,21154236
COCHINSHIP,20210113,383.4,386.8,378.2,379.5,400127
COFORGE,20210113,2779,2797.5,2666.55,2730.2,344363
COLPAL,20210113,1621.5,1629.25,1587.4,1603.4,476358
COMPINFO,20210113,17.3,17.5,16.75,16.95,371067
COMPUSOFT,20210113,9.25,9.7,9.05,9.15,24396
CONCOR,20210113,448,450.55,433,439.5,2745987
CONFIPET,20210113,39.1,39.35,37.2,38.35,403229
CONSOFINVT,20210113,46.45,46.45,44,44.95,8779
CONTROLPR,20210113,251,269.8,243.35,263.8,68873
CORALFINAC,20210113,23.05,23.4,22.1,22.75,42773
CORDSCABLE,20210113,49.6,50,48.15,48.55,60627
COROMANDEL,20210113,815.95,817.5,810.1,814.45,654994
COSMOFILMS,20210113,447.75,448.75,437.05,439.4,38491
COUNCODOS,20210113,4.2,4.2,4.2,4.2,22152
CPSEETF,20210113,22,22.31,21.76,22.01,6467823
CREATIVE,20210113,116.5,118.2,112.1,115.9,57751
CREATIVEYE,20210113,3.65,3.65,3.6,3.6,7870
CREDITACC,20210113,776,794.9,766.45,773,100386
CREST,20210113,100.7,101.95,99,99.5,11509
CRISIL,20210113,1931.1,1948.4,1918.05,1927.85,25603
CROMPTON,20210113,405.15,405.4,394.3,400.7,1189130
CSBBANK,20210113,233,233,227.1,228.4,164267
CTE,20210113,47.9,49.9,47.35,48.3,33230
CUB,20210113,180.2,181.3,175.1,178,2873142
CUBEXTUB,20210113,17.9,17.9,17.05,17.4,1289
CUMMINSIND,20210113,629.1,629.1,605,611.05,1519267
CUPID,20210113,236.35,237.85,230,231.05,64091
CYBERMEDIA,20210113,3.9,3.9,3.9,3.9,233
CYBERTECH,20210113,132.6,139.2,132.6,139.2,509317
CYIENT,20210113,524.6,533,510,518.4,213134
DAAWAT,20210113,57,58,56,56.25,1055057
DABUR,20210113,541.15,545.45,533.6,536.1,2933547
DALBHARAT,20210113,1198.5,1198.5,1153,1170.85,171488
DALMIASUG,20210113,142.9,143.35,140,140.85,149743
DAMODARIND,20210113,37.5,37.5,33.55,35.6,37757
DANGEE,20210113,120.05,124.25,113.6,113.6,31055
DATAMATICS,20210113,122.7,123.7,117,118.8,151174
DBCORP,20210113,84.15,86.2,83.05,83.8,274810
DBL,20210113,430.2,432.95,417,424.8,411622
DBREALTY,20210113,18.1,18.5,17.1,17.15,416583
DBSTOCKBRO,20210113,10.2,10.55,10.05,10.45,9975
DCAL,20210113,143.55,152.95,142.5,150.5,4050174
DCBBANK,20210113,122.6,123.35,118.3,120.8,1240036
DCM,20210113,28.9,29.25,27.35,27.6,31178
DCMFINSERV,20210113,2.2,2.3,2.1,2.3,13139
DCMNVL,20210113,65,68.25,61.9,67.7,130152
DCMSHRIRAM,20210113,398,401.9,394,395.6,108618
DCW,20210113,18.9,19,18.5,18.6,383737
DECCANCE,20210113,371.3,375.35,362,365.9,45497
DEEPAKFERT,20210113,163.9,164.4,159.15,161.55,368541
DEEPAKNTR,20210113,1033.5,1043.8,1015,1027.5,737911
DEEPENR,20210113,44.65,45,43.3,44,59373
DELTACORP,20210113,154.4,160,153.1,156.55,4067647
DELTAMAGNT,20210113,28,28.8,26.7,27.3,2492
DEN,20210113,68.85,69.4,66.85,67.7,599533
DENORA,20210113,265.35,265.35,254,259.25,10461
DFMFOODS,20210113,398.6,398.6,380,383.85,51893
DGCONTENT,20210113,14,14.2,13.4,13.4,50092
DHAMPURSUG,20210113,173.55,175,169.8,172.1,429933
DHANBANK,20210113,16,16,14.8,14.95,2566228
DHANI,20210113,375,378.5,361.5,373.85,1241629
DHANUKA,20210113,792,798.5,770,779.45,68090
DHARSUGAR,20210113,5.8,5.9,5.7,5.8,4758
DHFL,20210113,28.2,28.25,25.65,25.65,9971601
DHUNINV,20210113,264.6,264.6,255,258.15,2480
DIAMONDYD,20210113,652,675,652,657.8,3721
DICIND,20210113,396.05,408.2,391.25,399.45,8703
DIGISPICE,20210113,35.35,35.35,32.05,35.35,259183
DISHTV,20210113,13.05,13.2,12.6,12.9,11951189
DIVISLAB,20210113,3788.5,3792.2,3675.75,3719.4,1142472
DIXON,20210113,15200,15279.7,14419.35,14540.15,92882
DLF,20210113,271.8,292.75,268.25,280.45,53194247
DLINKINDIA,20210113,113.7,114.45,110.6,111.4,153188
DMART,20210113,3001,3008.65,2878.5,2926.1,421057
DNAMEDIA,20210113,0.7,0.7,0.6,0.7,62469
DOLAT,20210113,64.1,64.65,59.9,61.45,519458
DOLLAR,20210113,247.1,249.45,237.6,241.8,177085
DONEAR,20210113,39.65,39.65,37.15,37.5,85371
DPABHUSHAN,20210113,89.05,93,88.95,91.65,10326
DPSCLTD,20210113,15.1,15.7,14,14.3,83405
DPWIRES,20210113,114.4,119.55,107.8,119.55,418179
DREDGECORP,20210113,326.65,329.7,317.1,318.7,129197
DRREDDY,20210113,5365,5375,5238,5290,659212
DSSL,20210113,66.05,67.35,64.1,65.1,17933
DTIL,20210113,263.75,264.15,255,259.2,15061
DUCON,20210113,7.15,7.15,6.65,6.8,68969
DVL,20210113,72,72.55,70.4,70.95,11548
DWARKESH,20210113,31.7,31.85,30.8,31,1839191
DYNAMATECH,20210113,799.85,810,775,790.65,7749
DYNPRO,20210113,268,274,259,262.85,55618
EASTSILK,20210113,1.7,1.7,1.7,1.7,15490
EBBETF0423,20210113,1112.17,1113.98,1112.17,1112.56,2467
EBBETF0425,20210113,1030.97,1032.49,1030,1030.12,2102
EBBETF0430,20210113,1137.5,1140.99,1137.5,1139.15,44107
EBBETF0431,20210113,1024.98,1026.49,1021.55,1023.99,4806
EBIXFOREX,20210113,509.95,510,491,497.65,1367
ECLERX,20210113,939.4,979.95,931.5,971.1,169234
EDELWEISS,20210113,69.9,70.5,69.3,69.9,1008075
EICHERMOT,20210113,2869.5,2910.4,2836.65,2868.65,1878124
EIDPARRY,20210113,351,353.15,340,347.45,316940
EIHAHOTELS,20210113,287,290,282,283.4,12006
EIHOTEL,20210113,97.25,101,96,96.7,1042140
EIMCOELECO,20210113,376.95,382.5,349.05,365.95,13046
EKC,20210113,57.5,58,53.5,54.7,362876
ELECON,20210113,49.25,50.9,48.05,48.6,304319
ELECTCAST,20210113,22.15,23.2,21.55,22.45,1562938
ELECTHERM,20210113,122.4,122.4,118,119.05,44491
ELGIEQUIP,20210113,176.45,179.75,172,174.8,152800
ELGIRUBCO,20210113,25,25.15,24.55,24.6,26150
EMAMILTD,20210113,481.4,501,458.9,480.55,1314559
EMAMIPAP,20210113,104.9,104.9,101,101.8,7971
EMAMIREAL,20210113,72.05,74,68.45,68.45,118843
EMKAY,20210113,81.8,83,72.55,77.05,194869
EMMBI,20210113,84.2,85.3,82.05,82.25,31697
ENDURANCE,20210113,1363,1410,1351.4,1357.9,159427
ENERGYDEV,20210113,14.35,14.35,14.35,14.35,39928
ENGINERSIN,20210113,79.2,81.45,79.2,79.8,4061742
ENIL,20210113,177.2,177.2,165.3,167.6,177272
EPL,20210113,274.65,275.45,265,270,404148
EQ30,20210113,432,440.43,380.43,426.07,881
EQUITAS,20210113,74.95,75.65,74.1,75.1,1830559
EQUITASBNK,20210113,41.6,41.6,40.9,41.45,2252023
ERIS,20210113,614.6,622.05,606.95,613.65,102449
EROSMEDIA,20210113,23.6,24.4,22.8,23.1,379272
ESABINDIA,20210113,1813.45,1860,1771,1774.4,9772
ESCORTS,20210113,1386.8,1389.7,1351,1364.4,1404013
ESSARSHPNG,20210113,10,10.2,9.6,9.9,27023
ESTER,20210113,124.7,124.7,119.05,120.5,167773
EVEREADY,20210113,212,212,203,205.35,270742
EVERESTIND,20210113,320.9,324.75,310.1,312.55,44745
EXCEL,20210113,2.5,2.5,2.5,2.5,116323
EXCELINDUS,20210113,885,888.95,843.35,865.7,15965
EXIDEIND,20210113,206.35,209.2,197.3,200.95,9169117
EXPLEOSOL,20210113,545,547.95,509.1,520.2,31170
FACT,20210113,85.85,85.85,80.35,81.7,1120327
FAIRCHEMOR,20210113,620,625,600.05,602.85,29013
FCL,20210113,65.3,65.8,62,62.45,587008
FCONSUMER,20210113,8.2,8.3,8.05,8.1,4087419
FCSSOFT,20210113,1.05,1.05,1.05,1.05,1065825
FDC,20210113,328,329.5,324,324.6,83766
FEDERALBNK,20210113,77,78,74.35,74.8,41785200
FEL,20210113,11.2,11.35,11.05,11.15,744457
FELDVR,20210113,14,14,13.4,13.55,22801
FIEMIND,20210113,597.45,608.9,570.4,579.15,40150
FILATEX,20210113,69.95,70.9,65.1,67.35,3254748
FINCABLES,20210113,403.9,403.9,387,390.65,237922
FINEORG,20210113,2623.3,2624.85,2531,2551.6,16807
FINPIPE,20210113,651.3,658,642,647.15,41564
FLEXITUFF,20210113,16.2,16.85,16.15,16.15,6050
FLFL,20210113,85.7,86.9,84,84.4,149563
FLUOROCHEM,20210113,629.9,635,606,612.3,70391
FMGOETZE,20210113,315,315,307.6,308.2,21318
FMNL,20210113,17.6,17.7,17.2,17.4,21892
FORCEMOT,20210113,1426,1465,1418.25,1435.1,145635
FORTIS,20210113,172.05,176.5,162.1,167.55,5104842
FOSECOIND,20210113,1352.9,1361.05,1318.1,1330.6,2346
FRETAIL,20210113,76.9,77.3,75.15,75.65,1252490
FSC,20210113,100.8,100.8,95.2,97.3,103854
FSL,20210113,99.1,99.8,97,97.5,2347558
G5,20210113,52.69,52.69,47.66,47.66,10635
GABRIEL,20210113,115,116.7,112.4,113.8,243620
GAEL,20210113,138.9,139,129.5,133.7,347317
GAIL,20210113,144,144,139.15,141.25,27169852
GAL,20210113,3.4,3.4,3.15,3.15,58305
GALAXYSURF,20210113,2249.75,2272,2150,2218.3,37169
GALLANTT,20210113,46.4,46.4,43.45,44.3,87446
GALLISPAT,20210113,41.95,43,39.95,40.8,55965
GAMMNINFRA,20210113,0.9,0.9,0.85,0.9,1430683
GANDHITUBE,20210113,272.95,272.95,259.75,261,6959
GANECOS,20210113,475.5,489.5,458,468.1,70020
GANESHHOUC,20210113,33,33.25,31.5,32.2,50048
GANGESSECU,20210113,57,58.8,56,58.65,11937
GARDENSILK,20210113,8.65,8.65,8.65,8.65,89270
GARFIBRES,20210113,2222,2240.6,2200.5,2224.5,11914
GATI,20210113,96.2,97.1,94.1,94.6,333869
GAYAHWS,20210113,0.95,0.95,0.85,0.9,607384
GAYAPROJ,20210113,45.55,45.55,43.9,44.45,588885
GBGLOBAL,20210113,8.05,8.1,7.65,7.65,953
GDL,20210113,123,123.45,121,121.95,227020
GEECEE,20210113,90.75,98.45,87.95,94,90817
GEEKAYWIRE,20210113,69.05,69.4,66,69.35,10452
GENESYS,20210113,75,76.9,72,76.7,20723
GENUSPAPER,20210113,7.1,7.2,6.75,6.95,200635
GENUSPOWER,20210113,37.4,38.25,36.1,36.7,276410
GEOJITFSL,20210113,56.55,57,55.55,56.1,243365
GEPIL,20210113,290.95,290.95,285.2,287.55,68954
GESHIP,20210113,282.7,289.6,278,279.65,457996
GET&D,20210113,128.5,130,125.5,126.5,98149
GFLLIMITED,20210113,95.45,99,95,95.3,83346
GFSTEELS,20210113,2.15,2.15,2.15,2.15,350
GHCL,20210113,215,217.3,209.5,213.6,248540
GICHSGFIN,20210113,125.3,128.85,122.4,123.5,794046
GICRE,20210113,149,149.95,142.9,144.65,656637
GILLANDERS,20210113,44.05,46.25,44,44.25,5522
GILLETTE,20210113,5860,5880,5790,5810.2,11290
GINNIFILA,20210113,23.6,24,22.4,22.45,109475
GIPCL,20210113,83.6,85,82.6,83.2,315007
GISOLUTION,20210113,3.15,3.15,3,3,504
GKWLIMITED,20210113,555.15,579.95,550,577.5,205
GLAND,20210113,2250,2275,2175,2201,342069
GLAXO,20210113,1555.05,1566.95,1521,1527.3,50467
GLENMARK,20210113,520,523.9,505.15,514.75,1965007
GLFL,20210113,3.3,3.3,3.3,3.3,27977
GLOBAL,20210113,66.2,66.2,62.5,62.9,11055
GLOBE,20210113,63.05,63.65,62,62,6596
GLOBOFFS,20210113,9.75,9.75,9.1,9.1,44493
GLOBUSSPR,20210113,376.85,384,360.05,365.7,173313
GMDCLTD,20210113,66.95,66.95,62.6,64.85,7550241
GMMPFAUDLR,20210113,3873,3873.9,3751,3819.05,38352
GMRINFRA,20210113,27.4,27.5,26.65,27.05,16179368
GNA,20210113,391.3,423.9,383.7,389.65,1205874
GNFC,20210113,223.35,228.4,216.8,218.2,1595042
GOACARBON,20210113,273.7,279,270,270.3,14721
GOCLCORP,20210113,205,212,200.95,210.7,30856
GODFRYPHLP,20210113,971.55,1018,970.05,980.5,240677
GODHA,20210113,41.5,41.5,37.9,37.95,5820
GODREJAGRO,20210113,538,538,523.85,530.55,212559
GODREJCP,20210113,768,774,758.5,770.55,1757075
GODREJIND,20210113,449,453,431.4,435.6,1758041
GODREJPROP,20210113,1483.9,1486.9,1420,1428.65,852204
GOKEX,20210113,91,92.4,88.4,88.8,215912
GOKUL,20210113,18.6,19.15,17.7,17.85,66306
GOKULAGRO,20210113,23.45,24,21.5,23.2,141294
GOLDBEES,20210113,46.8,46.8,43.02,43.07,3966236
GOLDENTOBC,20210113,51,51.95,50.1,51.55,19192
GOLDIAM,20210113,228.5,228.5,215.5,218.25,89750
GOLDSHARE,20210113,4478.95,4505,4440.1,4454.2,2019
GOLDTECH,20210113,11,11,9.7,10.05,90389
GOODLUCK,20210113,72.7,83.55,69.85,82,4335890
GOODYEAR,20210113,955.05,983,951,959.45,23649
GPIL,20210113,536,549.7,532,537.7,91034
GPPL,20210113,93.2,93.8,91,91.85,734909
GPTINFRA,20210113,42.5,44.75,42.1,44.2,50876
GRANULES,20210113,361.1,371.9,361.1,368.5,2222315
GRAPHITE,20210113,337.4,339.4,322.55,326,1794707
GRASIM,20210113,1009,1041,1007.45,1033.35,2205417
GRAVITA,20210113,82,82.45,79.1,79.75,93897
GREAVESCOT,20210113,97.5,98.3,94,95.35,1219999
GREENLAM,20210113,916.9,917,833.25,858.7,12295
GREENPANEL,20210113,154.4,162.05,152.05,162.05,402512
GREENPLY,20210113,132.6,132.6,125.6,128.6,513456
GREENPOWER,20210113,3,3.2,3,3,8044801
GRINDWELL,20210113,753.1,758.85,729.45,734.45,36101
GROBTEA,20210113,919,919,839.6,842.05,1006
GRPLTD,20210113,919.05,919.05,883,892.1,818
GRSE,20210113,195.6,197.5,193.6,194.3,126685
GSCLCEMENT,20210113,41.25,41.95,40,40.35,349204
GSFC,20210113,84.65,85.5,81.75,83.5,1326945
GSPL,20210113,212.95,214.7,211.6,212,1309217
GSS,20210113,48,53.65,48,48.85,883407
GTL,20210113,7.65,7.65,7.65,7.65,130640
GTLINFRA,20210113,1.1,1.1,1,1,73080069
GTNIND,20210113,15.2,15.2,13.8,13.8,1435
GTNTEX,20210113,7.45,7.8,7.45,7.8,2620
GTPL,20210113,152.8,161.95,149.1,156.55,732766
GUFICBIO,20210113,126.15,128,122.3,123.85,128919
GUJALKALI,20210113,345.5,355.35,343,345.4,175543
GUJAPOLLO,20210113,214.5,214.5,207,213,9430
GUJGASLTD,20210113,384.65,386.65,369,371.25,1181613
GUJRAFFIA,20210113,18.7,18.7,17,18.7,3507
GULFOILLUB,20210113,730,744.95,730,739.5,35921
GULFPETRO,20210113,47,47.5,45.1,45.9,74923
GULPOLY,20210113,83.5,86.15,82.85,83.85,88269
HAL,20210113,908.45,940,900.05,921.6,806377
HAPPSTMNDS,20210113,351.9,351.9,338.15,342.5,941177
HARITASEAT,20210113,484.95,514.95,472.05,480.5,253182
HARRMALAYA,20210113,124.5,125.1,120.8,122.75,109875
HATHWAY,20210113,34.65,34.9,33.5,34.05,982863
HATSUN,20210113,733.8,736,720,722.25,30694
HAVELLS,20210113,1024.25,1041.75,1006.75,1012.45,2210980
HAVISHA,20210113,1,1.05,1,1,118331
HBANKETF,20210113,324.17,328,317.05,324.78,5184
HBLPOWER,20210113,38.3,38.85,37.15,37.4,754365
HBSL,20210113,6.9,7.45,6.85,7.3,2691
HCC,20210113,8.9,9,8.65,8.75,4403060
HCG,20210113,156.6,157.95,154.25,155.2,50623
HCL-INSYS,20210113,9.3,9.45,9.1,9.2,385359
HCLTECH,20210113,1064,1067,1041,1055.95,6691409
HDFC,20210113,2760.45,2777.15,2651.1,2670.9,5582165
HDFCAMC,20210113,3220,3258.95,3173.2,3245.9,440477
HDFCBANK,20210113,1492.9,1496.9,1462.1,1470.65,8467325
HDFCLIFE,20210113,718.45,724.7,708.55,713.25,2639680
HDFCMFGETF,20210113,4465,4465,4412,4415.35,13304
HDFCNIFETF,20210113,1546,1555.98,1526.75,1543.76,1004
HDFCSENETF,20210113,5266,5299.88,5190,5205,96
HEG,20210113,1046.9,1054.7,1001.1,1015.5,577011
HEIDELBERG,20210113,227.15,229,221.1,224.7,203663
HEMIPROP,20210113,130.4,141.2,125.05,134.4,14188207
HERCULES,20210113,129.45,129.45,125.25,126.65,57497
HERITGFOOD,20210113,320.8,322.7,308.05,310.8,91416
HEROMOTOCO,20210113,3260,3318,3216.7,3256.8,1424073
HESTERBIO,20210113,1757.9,1782.55,1702,1712.45,8180
HEXATRADEX,20210113,45.5,48.5,45.5,47.6,100364
HFCL,20210113,32.6,32.8,30.65,31.85,18702694
HGINFRA,20210113,236.05,239.9,226.85,231.3,97379
HGS,20210113,1162.75,1204.3,1162.75,1199.65,34324
HIKAL,20210113,178.8,178.8,170.55,172.55,390212
HIL,20210113,2195.1,2225,2140,2150.1,9042
HILTON,20210113,16.1,16.15,15.5,16.05,62071
HIMATSEIDE,20210113,149.8,151.65,142.95,147.45,213326
HINDALCO,20210113,265.5,268.4,258.85,262.65,13300126
HINDCOMPOS,20210113,362,387.8,355,364.15,269298
HINDCOPPER,20210113,66.8,69.5,64,65.7,8464318
HINDMOTORS,20210113,8.3,8.3,8.3,8.3,11285
HINDNATGLS,20210113,32.6,33.95,32.6,32.9,12835
HINDOILEXP,20210113,92.85,94.45,89.5,90.85,962252
HINDPETRO,20210113,225.1,232.85,224.6,227.15,11555573
HINDUNILVR,20210113,2381.9,2398,2364.6,2372.35,1702740
HINDZINC,20210113,296.7,299.6,283,285.4,1119073
HIRECT,20210113,164.4,171.85,161.15,163.15,140188
HISARMETAL,20210113,89.35,108.75,89,108.45,625617
HITECH,20210113,268.9,274,264.25,268.55,54664
HITECHCORP,20210113,110.8,115.95,108.3,109.6,6614
HITECHGEAR,20210113,191,191,174.8,178,12101
HLVLTD,20210113,7.05,7.05,6.6,6.7,512973
HMVL,20210113,58.1,60.95,56.6,57.1,279657
HNDFDS,20210113,1512.6,1548,1490,1504.15,10175
HNGSNGBEES,20210113,351.04,351.8,342.05,346.92,279
HONAUT,20210113,40399.95,41150,39750.05,40745.4,9972
HONDAPOWER,20210113,1072,1128.1,1057.5,1102.4,58167
HOVS,20210113,45.35,45.35,42.15,42.6,4755
HPL,20210113,46.55,46.9,44.05,44.75,673891
HSCL,20210113,51.25,54.35,51.2,52.2,22733095
HSIL,20210113,121.95,123.8,117,118.05,152813
HTMEDIA,20210113,18,18.6,17.9,18.1,190747
HUBTOWN,20210113,21.35,21.35,19.6,20.55,185807
HUDCO,20210113,42.8,51.2,42.8,47.05,42831248
HUHTAMAKI,20210113,314.4,317.7,308,309.05,69883
IBMFNIFTY,20210113,142.52,147.87,142.52,142.69,1437
IBREALEST,20210113,85.45,86.65,81.55,83.75,8786802
IBULHSGFIN,20210113,236.1,243.4,222.7,234.2,30056467
ICEMAKE,20210113,96.65,97.95,92.5,93,43122
ICICI500,20210113,199.99,199.99,196.51,196.63,1971
ICICIALPLV,20210113,160,160,144.02,144.54,2411
ICICIB22,20210113,33.69,34.35,33.56,34.14,1168129
ICICIBANK,20210113,551.5,561,548.25,556.5,21920297
ICICIBANKN,20210113,326.85,326.85,320,322.72,7786
ICICIBANKP,20210113,175.97,178,174.15,176.18,73110
ICICIGI,20210113,1570.6,1584.3,1533.4,1549,554839
ICICIGOLD,20210113,44.01,44.46,44.01,44.09,614229
ICICILIQ,20210113,999.95,1000,999.95,999.99,22380
ICICILOVOL,20210113,121.7,123.7,118.05,119.19,9021
ICICIM150,20210113,85.3,86.5,83.36,83.75,17348
ICICIMCAP,20210113,85.8,87,83.2,84.08,22445
ICICINF100,20210113,165.1,170,156.76,158.17,4595
ICICINIFTY,20210113,158,158,153,154.69,102324
ICICINV20,20210113,77,78.6,75.5,76.38,13431
ICICINXT50,20210113,35.78,35.88,34.31,34.79,30496
ICICIPRULI,20210113,528,529.4,505.15,509.7,1946749
ICICISENSX,20210113,532,536.49,530.01,532.49,1017
ICICITECH,20210113,278.75,278.8,269.24,271.77,31073
ICIL,20210113,147.4,152,144.55,149.15,345854
ICRA,20210113,2996.55,2996.9,2885,2911.7,2558
IDBI,20210113,32.35,32.65,31.2,31.55,13966314
IDBIGOLD,20210113,4570,4598,4550,4562.05,116
IDEA,20210113,12.25,12.75,11.9,12.25,672714234
IDFC,20210113,44.35,45.5,41.7,43.3,20688520
IDFCFIRSTB,20210113,47.75,47.8,45.15,46.05,56558691
IDFNIFTYET,20210113,153,153,151.44,152,507
IEX,20210113,226.9,226.9,222,223.35,859334
IFBAGRO,20210113,473.6,476.05,464.5,465.8,13945
IFBIND,20210113,1240,1327,1240,1272.05,364854
IFCI,20210113,10,10.15,9.65,9.85,6240434
IFGLEXPOR,20210113,264.65,264.7,250,252.75,12983
IGARASHI,20210113,366.95,380,357,363.85,318595
IGL,20210113,570.05,570.05,560,565.6,1786744
IGPL,20210113,404.85,404.85,389.05,390.6,20568
IIFL,20210113,115.9,117.5,112.6,115,446262
IIFLSEC,20210113,52,52.15,49.85,51.8,2017454
IIFLWAM,20210113,1064.25,1096.5,1048.95,1086.35,67754
IITL,20210113,73.3,78.5,72.75,76.45,478
IMAGICAA,20210113,6.2,6.2,5.85,6,57536
IMFA,20210113,342,365.5,330,339.25,161815
IMPAL,20210113,584.95,586,572.8,578.45,2593
INDBANK,20210113,12.1,12.4,11.65,12.05,312713
INDHOTEL,20210113,123.4,129.9,123.4,126.65,4079928
INDIACEM,20210113,169.3,174.9,165.05,168.95,3843749
INDIAGLYCO,20210113,391,393.05,372.75,377.15,258794
INDIAMART,20210113,8300,8374.7,7618.3,8115.4,368875
INDIANB,20210113,91.9,92.95,88.1,90,6884124
INDIANCARD,20210113,145.95,145.95,137.7,138.2,4390
INDIANHUME,20210113,212.9,214,205.1,207.8,74488
INDIGO,20210113,1695,1695,1621.1,1633.8,1313112
INDLMETER,20210113,19.05,19.6,18.1,18.8,5278
INDNIPPON,20210113,375.1,381.9,354.05,363.75,30636
INDOCO,20210113,319.9,323,305,310.4,168996
INDORAMA,20210113,38.5,40.8,37.3,37.7,86066
INDOSTAR,20210113,325,336.05,325,333.4,26779
INDOTECH,20210113,111.35,111.55,107,107.5,15702
INDOTHAI,20210113,40.45,40.45,36.7,39.9,118154
INDOWIND,20210113,5.4,5.55,5.15,5.25,97715
INDRAMEDCO,20210113,57.5,58.55,56.7,57.2,305342
INDSWFTLAB,20210113,78.8,81.9,78.8,78.8,163481
INDSWFTLTD,20210113,4.6,4.6,4.6,4.6,14994
INDTERRAIN,20210113,48.35,48.35,45.1,46.15,743665
INDUSINDBK,20210113,932.8,953.5,926.15,942.75,9473962
INDUSTOWER,20210113,265.95,269.8,253.7,258.1,4289751
INEOSSTYRO,20210113,1018,1024,978.7,995.15,54519
INFIBEAM,20210113,84.45,97,81.95,85.7,2489914
INFOBEAN,20210113,154,155,144.5,144.8,43919
INFOMEDIA,20210113,3.5,3.65,3.35,3.35,9225
INFRABEES,20210113,404.8,417,400,405.21,7637
INFY,20210113,1373.85,1392.8,1360,1387.15,14442997
INGERRAND,20210113,737,744.9,720.05,732.75,97737
INOXLEISUR,20210113,347,354.95,335.55,342.9,1534739
INOXWIND,20210113,71.7,72.05,67.45,67.75,431610
INSECTICID,20210113,476.3,482.7,470,473.7,38557
INSPIRISYS,20210113,38.55,39.25,35.95,36.55,44392
INTEGRA,20210113,1.55,1.55,1.45,1.45,23785
INTELLECT,20210113,338.9,343.6,319.6,321.8,283939
INTENTECH,20210113,44,44,42.2,42.6,80675
INVENTURE,20210113,16.5,17.35,16.5,16.8,10422
IOB,20210113,11.55,11.55,11.1,11.35,7108407
IOC,20210113,98.45,102.75,98.2,100.95,55937686
IOLCP,20210113,749.3,750,731,734.35,216313
IPCALAB,20210113,2125,2143,2090,2096.35,212079
IRB,20210113,116.9,118.3,115.3,117,1181622
IRCON,20210113,92.05,93.7,91.05,91.5,1675090
IRCTC,20210113,1492,1493.55,1442.2,1461.15,1180696
ISEC,20210113,446.75,455.5,445.05,446.6,521780
ISFT,20210113,93.9,94.15,85.25,86.3,21686
ISMTLTD,20210113,10.5,10.9,10.5,10.9,88080
ITC,20210113,207.45,213,205.25,211.25,63925996
ITDC,20210113,329,330.7,320.2,322.25,64384
ITDCEM,20210113,72.65,73.7,69.05,70.35,808275
ITI,20210113,130.45,139.4,130.1,133.85,6035663
IVC,20210113,5.25,5.25,4.9,5.15,149567
IVP,20210113,75.55,79,75.5,77.85,1150
IVZINGOLD,20210113,4499.9,4500,4459,4469.45,85
IVZINNIFTY,20210113,1576.3,1576.3,1576.3,1576.3,2
IZMO,20210113,47.85,49.15,45.8,49.05,86387
J&KBANK,20210113,29.5,30.55,28.15,30.55,31753638
JAGRAN,20210113,46.1,46.5,44.75,45.25,456455
JAGSNPHARM,20210113,82.65,82.8,77.8,79.45,142793
JAIBALAJI,20210113,20.4,20.9,20.05,20.75,40229
JAICORPLTD,20210113,96.35,96.8,92.5,93.85,1477795
JAMNAAUTO,20210113,66.05,67.2,64.65,66,1564156
JASH,20210113,229,240,227.45,234.95,12436
JAYAGROGN,20210113,153.9,161,142.5,144.95,531543
JAYBARMARU,20210113,274.9,275.9,256.2,262.6,75524
JAYNECOIND,20210113,7.45,7.6,7,7.25,195038
JAYSREETEA,20210113,71.25,72.4,69.75,70.75,109695
JBCHEPHARM,20210113,1039.5,1064,1036.8,1053.55,95706
JBFIND,20210113,15,15.75,14.7,15.25,347840
JBMA,20210113,321.8,325.15,309,315.4,40418
JCHAC,20210113,2585,2670,2453.45,2488.35,17132
JHS,20210113,24.65,24.65,22.9,23.15,91365
JINDALPHOT,20210113,23.9,24,22.75,22.85,7724
JINDALPOLY,20210113,456.7,463.95,454.7,459.3,31791
JINDALSAW,20210113,81.8,82.8,78.35,78.9,1339170
JINDALSTEL,20210113,297.3,305.75,288.3,299.75,10560096
JINDRILL,20210113,89.5,93.3,89.5,90.35,29652
JINDWORLD,20210113,60.7,60.7,57.1,58.85,206474
JISLDVREQS,20210113,16.75,16.75,15.85,15.85,139661
JISLJALEQS,20210113,23.95,23.95,22.45,22.45,3785154
JITFINFRA,20210113,11,11.55,10.9,10.9,4561
JIYAECO,20210113,7.4,7.4,7.15,7.25,60917
JKCEMENT,20210113,2224.95,2292.9,2210,2240.3,106267
JKIL,20210113,148.6,149.85,145,148.8,371038
JKLAKSHMI,20210113,353,354,341.3,347.05,388269
JKPAPER,20210113,129.3,129.8,127,128.4,1372393
JKTYRE,20210113,83.3,84.8,81.8,83.35,5948761
JMA,20210113,33.05,34.05,33,33.55,23420
JMCPROJECT,20210113,71.4,71.55,68.2,69.6,211956
JMFINANCIL,20210113,92.75,93.2,90.25,90.95,1673091
JMTAUTOLTD,20210113,3.1,3.4,3.1,3.4,3459442
JOCIL,20210113,191.8,191.8,185,186.1,10706
JPASSOCIAT,20210113,8.1,8.3,7.8,7.85,10544618
JPINFRATEC,20210113,2.1,2.15,2.05,2.05,1498911
JPOLYINVST,20210113,24,25.7,23.5,25.55,4696
JPPOWER,20210113,3.25,3.3,3.1,3.15,17029070
JSL,20210113,93.85,95.5,91,92.9,2246939
JSLHISAR,20210113,160.7,161.5,155.05,156.8,431089
JSWENERGY,20210113,75.7,76,70.2,73.2,9357500
JSWHL,20210113,3588.7,3600,3482.5,3525.6,825
JSWISPL,20210113,32.15,33.6,30.85,31.65,681928
JSWSTEEL,20210113,401.55,407.4,394.15,402.95,6885599
JTEKTINDIA,20210113,94.95,104.8,93.5,95.5,5167109
JUBILANT,20210113,927,987.75,915.2,976.2,1241952
JUBLFOOD,20210113,2881,2916,2781.1,2835.6,783503
JUBLINDS,20210113,251,251,243.9,246.55,19287
JUMPNET,20210113,13,13,13,13,47804
JUNIORBEES,20210113,365.23,367.9,353.35,356.63,84364
JUSTDIAL,20210113,723,736,702.6,722.4,1303795
JYOTHYLAB,20210113,157,160.9,155,159.15,2105202
KABRAEXTRU,20210113,103.85,106.6,101.5,102.95,62946
KAJARIACER,20210113,748,755,733.05,751.35,264788
KAKATCEM,20210113,190,190.7,188,188.5,15633
KALPATPOWR,20210113,340,343,329.75,330.7,206634
KALYANIFRG,20210113,164.85,164.85,158.1,161.85,2335
KAMATHOTEL,20210113,37.45,39,37.2,37.85,194346
KAMDHENU,20210113,127.75,135,125,133.65,263878
KANANIIND,20210113,5.1,5.1,5,5.1,63176
KANORICHEM,20210113,62.15,62.3,57.8,59.7,98033
KANPRPLA,20210113,129.75,133,121.8,125.7,9756
KANSAINER,20210113,607.5,634.9,600.1,628.65,861849
KAPSTON,20210113,107,107,107,107,157
KARDA,20210113,125.8,126,121.75,122.15,14513
KARMAENG,20210113,24.5,24.5,22.65,23.45,33562
KARURVYSYA,20210113,47.5,48.3,46.35,46.9,3577911
KAUSHALYA,20210113,1.95,1.95,1.85,1.85,14729
KAYA,20210113,311,348.75,302.3,343.2,422458
KCP,20210113,73,73.75,70.4,70.8,280412
KCPSUGIND,20210113,16.8,17.5,16.7,16.8,706858
KDDL,20210113,251.5,255,241.1,249.4,7515
KEC,20210113,366.8,366.8,348.9,350.8,533467
KECL,20210113,15.9,15.9,14.8,14.85,273412
KEERTI,20210113,26.6,26.6,24.95,25,47707
KEI,20210113,486.1,490,480.05,481.7,82571
KELLTONTEC,20210113,78,78.6,75.1,76.4,1492953
KENNAMET,20210113,968,989,920.7,933.15,8826
KERNEX,20210113,31.15,32.6,31,31,7121
KESORAMIND,20210113,62.4,62.4,60.1,61.5,338345
KEYFINSERV,20210113,75.8,79.15,75.8,77.6,2510
KHADIM,20210113,132,133.5,126.5,128.9,114048
KHAICHEM,20210113,30.35,30.7,29,29.25,427056
KHANDSE,20210113,19.5,19.55,18.4,18.5,5039
KICL,20210113,1630.05,1671.95,1602.1,1616.35,2164
KILITCH,20210113,96.25,98.35,93.05,94.5,3818
KINGFA,20210113,630.05,637.45,607.5,617.9,6601
KIOCL,20210113,138,140.85,135.95,138.3,75584
KIRIINDUS,20210113,512,517.4,505.1,510.85,120100
KIRLFER,20210113,142,142,138,138.35,71601
KIRLOSBROS,20210113,138,152.2,138,145.4,964458
KIRLOSENG,20210113,131.25,133,127.45,128.6,213650
KIRLOSIND,20210113,833,875,815.7,837.05,12064
KITEX,20210113,113,114.65,110.8,112.15,190832
KKCL,20210113,939.95,939.95,901,914.65,1915
KMSUGAR,20210113,11.95,12.35,11.75,11.9,251681
KNRCON,20210113,345,385.9,342,374.95,1608045
KOKUYOCMLN,20210113,68.65,69.5,65.25,67.45,281742
KOLTEPATIL,20210113,265.6,269.2,250.7,255.25,404957
KOPRAN,20210113,132,134.75,126.15,126.15,339403
KOTAKBANK,20210113,1911,1911,1877,1882.1,5583130
KOTAKBKETF,20210113,355.6,355.6,320,328.71,147032
KOTAKGOLD,20210113,437.95,437.95,431.85,432.25,40234
KOTAKNIFTY,20210113,152,152.99,150.5,151.79,93079
KOTAKNV20,20210113,79.27,79.27,76.36,77.53,12251
KOTAKPSUBK,20210113,199.3,199.3,188,192.92,61426
KOTARISUG,20210113,19.15,19.15,18.2,18.3,54295
KOTHARIPET,20210113,23.85,25.75,23.3,24.25,187497
KOTHARIPRO,20210113,73,78.5,73,73.35,9267
KPITTECH,20210113,136,138.8,133,134.9,714528
KPRMILL,20210113,959.95,971,946.2,964.8,36212
KRBL,20210113,246.9,246.9,242.65,243.3,392024
KREBSBIO,20210113,135,138.55,129.9,134.25,113145
KRIDHANINF,20210113,4.55,4.6,4.2,4.35,133323
KRISHANA,20210113,70.3,71,70,70.25,3786
KSB,20210113,677,677,648.45,652.3,40859
KSCL,20210113,556,556,526.55,540.65,345730
KSL,20210113,288.5,294.35,284,288.45,123149
KTKBANK,20210113,68.45,68.85,65.3,66.95,12196462
KUANTUM,20210113,55.9,56.5,54.4,54.95,16892
KWALITY,20210113,3.55,3.55,3.45,3.45,1220952
L&TFH,20210113,105,107.2,101.65,103.8,24233282
LALPATHLAB,20210113,2393,2405.4,2375.1,2396.25,87617
LAMBODHARA,20210113,46.85,47.25,46,46.25,13932
LAOPALA,20210113,231.65,233.85,222,224.3,291638
LASA,20210113,97,98.4,93.4,94.75,194785
LAURUSLABS,20210113,352.9,355.25,343.1,348.1,1530834
LAXMIMACH,20210113,5010,5147,5010,5097.1,20906
LEMONTREE,20210113,41.75,42,40.5,41.15,1812949
LFIC,20210113,78.95,78.95,75.65,76,136
LGBBROSLTD,20210113,298,302,292.3,293.7,50706
LGBFORGE,20210113,4,4.05,3.75,3.8,44114
LIBAS,20210113,36.7,40.5,36.05,38.85,299426
LIBERTSHOE,20210113,150.05,151.7,147.1,148.5,133115
LICHSGFIN,20210113,443,463.8,427.7,438,13435773
LICNETFGSC,20210113,22.13,22.7,21.82,21.92,25056
LICNETFN50,20210113,165,165,150.1,162.44,4954
LICNETFSEN,20210113,512,580,505.8,532.5,2317
LICNFNHGP,20210113,152,160,149.37,151.95,1518
LIKHITHA,20210113,196.8,199,192.25,195.25,125728
LINCOLN,20210113,238.15,240.15,235.25,237,51757
LINCPEN,20210113,180.05,191.9,177,182.9,31871
LINDEINDIA,20210113,999,1008.95,971.25,982.5,67464
LIQUIDBEES,20210113,1000.93,1000.93,999.99,1000,831852
LIQUIDETF,20210113,999,1000.04,999,999.99,29390
LOKESHMACH,20210113,42.05,42.6,40.1,41,36073
LOTUSEYE,20210113,36,36.45,35.95,36,7665
LOVABLE,20210113,92.25,93.55,90.6,91.95,23928
LPDC,20210113,2.1,2.1,2.1,2.1,17386
LSIL,20210113,1,1,0.9,0.9,1707528
LT,20210113,1354,1373,1344.3,1352.5,4389762
LTI,20210113,4300,4435,4271,4402.45,376243
LTTS,20210113,2520.05,2625,2499.9,2595.15,398522
LUMAXIND,20210113,1419.95,1420,1395,1397.6,3552
LUMAXTECH,20210113,126.7,129.7,125,126.6,56225
LUPIN,20210113,1060.3,1089,1046.65,1067.4,2804177
LUXIND,20210113,1667.95,1678.25,1611.05,1630.6,39030
LYKALABS,20210113,29.95,30.7,28.6,29.2,195564
LYPSAGEMS,20210113,5.4,5.4,5.15,5.15,12107
M&M,20210113,784.6,837.5,782.25,828.35,19610461
M&MFIN,20210113,191.5,198.7,185.8,189.95,12236185
M100,20210113,23.98,23.98,23.1,23.17,147404
M50,20210113,147.7,150,140.74,141.97,4335
MAANALU,20210113,113.05,116,112,113,31438
MACPOWER,20210113,117.15,120.85,115,115.25,3074
MADHAV,20210113,54.95,57.5,52.7,56.15,227956
MADHUCON,20210113,5,5.3,4.85,5.15,22867
MADRASFERT,20210113,29.25,29.6,27.15,27.95,874344
MAESGETF,20210113,25.84,26.61,24.9,25.05,79719
MAGADSUGAR,20210113,117.9,118,115,115.9,8218
MAGMA,20210113,48.75,48.75,43.55,45.05,2195192
MAGNUM,20210113,5,5,4.6,4.85,109768
MAHABANK,20210113,14.8,15.1,14.4,14.85,8870206
MAHAPEXLTD,20210113,86.5,90.9,86.5,86.85,3230
MAHASTEEL,20210113,114.9,114.9,108.65,113.85,45276
MAHEPC,20210113,164.7,166.95,159.8,160.8,177745
MAHESHWARI,20210113,88.9,90,84.3,88,14445
MAHINDCIE,20210113,166.95,168.6,160.85,165.75,104146
MAHLIFE,20210113,396,403.95,383.4,398.75,62441
MAHLOG,20210113,447.6,460.55,446.75,453.1,71821
MAHSCOOTER,20210113,3687.95,3744.9,3660,3674.1,4525
MAHSEAMLES,20210113,321.9,322.85,314.75,316.65,36257
MAITHANALL,20210113,709.7,725,661.1,675,189620
MAJESCO,20210113,23.7,23.7,23.7,23.7,18367
MALUPAPER,20210113,30.25,30.25,28.4,29.5,12051
MAN50ETF,20210113,149.48,149.64,147.5,148.68,23889
MANAKALUCO,20210113,9.4,9.75,9,9.1,38153
MANAKCOAT,20210113,7.6,7.65,7,7.55,69299
MANAKSIA,20210113,56.1,56.85,55,55.15,75875
MANAKSTEEL,20210113,22.3,24.6,22.3,24.6,112243
MANALIPETC,20210113,37.9,38.4,35.25,36.1,1112373
MANAPPURAM,20210113,176.8,176.8,167.4,171.35,5463039
MANGALAM,20210113,136.85,136.85,133.1,133.85,36417
MANGCHEFER,20210113,63.9,65,60.55,62.8,2193168
MANGLMCEM,20210113,254.7,256.65,241.15,247.05,40728
MANGTIMBER,20210113,9.35,9.8,9.1,9.2,37785
MANINDS,20210113,81.5,82.9,79.85,80.4,166622
MANINFRA,20210113,35.3,35.85,34,34.8,507521
MANUGRAPH,20210113,14.4,14.6,14.05,14.05,10240
MANXT50,20210113,343.63,348.95,337,344.33,11663
MARALOVER,20210113,32.6,32.6,30.05,30.05,18559
MARATHON,20210113,90.3,92.95,86.95,90.95,155842
MARICO,20210113,425,426.9,415.1,418.3,1974208
MARINE,20210113,215.05,221.05,211.15,214.6,50838
MARKSANS,20210113,60.2,61,59.05,59.45,979296
MARUTI,20210113,8188,8250,8111,8139.85,877225
MASFIN,20210113,919.9,925,896,899.55,19416
MASTEK,20210113,1355.05,1365,1309.05,1353.5,190031
MATRIMONY,20210113,832.1,848,802.65,813.45,12174
MAWANASUG,20210113,35.9,35.9,34.1,34.9,59515
MAXHEALTH,20210113,164.55,167.45,155,159.65,613687
MAXIND,20210113,64,65.35,62.5,62.85,363629
MAXVIL,20210113,51.85,51.85,48.05,48.5,109031
MAYURUNIQ,20210113,312.15,314.6,297.35,304.55,83374
MAZDA,20210113,527.45,533.5,504.45,507.9,12509
MAZDOCK,20210113,219.7,222.3,215,217.25,959361
MBAPL,20210113,71,72,70.8,72,1524
MBECL,20210113,6,6,5.6,5.9,40365
MBLINFRA,20210113,20.25,20.55,19.25,19.25,288914
MCDHOLDING,20210113,36.5,37.5,34.45,35.85,59858
MCDOWELL-N,20210113,646,656.95,631.5,640.8,2438828
MCL,20210113,94.7,95,90.8,93,8649
MCLEODRUSS,20210113,23,23.4,22,22.4,174037
MCX,20210113,1690,1703.95,1687.3,1690.45,191015
MEGASOFT,20210113,12.8,13,12.2,12.2,202620
MEGH,20210113,82,82.75,80,81.25,802979
MENONBE,20210113,57.7,57.95,54.1,55.9,69716
MEP,20210113,18.7,19.2,18.5,18.65,170740
MERCATOR,20210113,1.4,1.4,1.3,1.3,420786
METALFORGE,20210113,8.05,8.05,7.35,8.05,36940
METROPOLIS,20210113,2185,2199,2152.25,2177.25,50735
MFSL,20210113,723,734.5,708.2,717.2,973568
MGEL,20210113,47.45,47.6,45.65,46.3,2056
MGL,20210113,1138.75,1139,1094.9,1113.9,439109
MHRIL,20210113,213.9,222.2,213.9,216.6,200106
MIDHANI,20210113,196.5,211.8,196.05,209.5,6752907
MINDACORP,20210113,90.7,92.5,88.4,89.65,549081
MINDAIND,20210113,413,413.5,392.5,395.4,246201
MINDTECK,20210113,50.1,53.95,49.3,49.85,25942
MINDTREE,20210113,1754,1768.95,1727.3,1745.25,499380
MIRCELECTR,20210113,14.3,14.3,13.25,13.5,437971
MIRZAINT,20210113,57.95,58.6,56.5,56.9,423061
MITTAL,20210113,13.95,13.95,12.9,12.95,194687
MMFL,20210113,459.85,464,442.05,446.9,22607
MMP,20210113,93,97.4,88.05,95.6,50733
MMTC,20210113,32.4,32.9,30.2,31.7,6354372
MODIRUBBER,20210113,37,38.7,37,37.25,2248
MOHITIND,20210113,5.7,6.3,5.7,6.1,9857
MOHOTAIND,20210113,12.15,12.4,12,12.05,22628
MOIL,20210113,149.55,159.5,149.4,152.8,4253516
MOLDTECH,20210113,50.75,50.75,48.55,48.8,7747
MOLDTKPAC,20210113,323.1,330,318.15,322,35696
MONTECARLO,20210113,250,250.8,243,244.2,32652
MORARJEE,20210113,13.15,13.9,13.15,13.55,3617
MOREPENLAB,20210113,32.05,32.35,30.25,30.85,3170044
MOTHERSUMI,20210113,170.5,172.35,165.25,167.45,9243371
MOTILALOFS,20210113,657.95,657.95,631.95,637.1,154893
MOTOGENFIN,20210113,21.25,21.3,20.3,21,4743
MPHASIS,20210113,1675,1675,1636.5,1651.35,504008
MPSLTD,20210113,351.3,354.7,346.4,351.55,15402
MRF,20210113,86200,87399.95,85300,85642.3,57619
MRPL,20210113,40.4,43.3,40.1,40.75,11995094
MSPL,20210113,8.9,8.9,8.3,8.75,106561
MSTCLTD,20210113,191.2,199,188,194.45,1374785
MTEDUCARE,20210113,9.5,9.95,9.3,9.5,315992
MTNL,20210113,14.65,15.25,14.05,14.8,4161515
MUKANDENGG,20210113,13.85,14.45,13.75,13.75,18896
MUKANDLTD,20210113,73,74.7,70.55,71.85,80356
MUKTAARTS,20210113,32.45,33.45,32.1,33.2,40351
MUNJALAU,20210113,63,63.45,60.95,61.9,369105
MUNJALSHOW,20210113,144.95,146.65,143.45,144,26271
MURUDCERA,20210113,24.3,24.4,23,23.15,219374
MUTHOOTCAP,20210113,429.55,432,418.5,421.35,53404
MUTHOOTFIN,20210113,1280,1289.45,1206,1237.4,3982200
N100,20210113,992.6,992.6,926.1,934.29,138537
NACLIND,20210113,44.25,44.25,42.5,43,57946
NAGAFERT,20210113,5,5.1,4.9,4.95,189680
NAGREEKCAP,20210113,6.8,6.8,6.5,6.5,1251
NAGREEKEXP,20210113,21.95,22.5,21.3,21.65,8025
NAHARCAP,20210113,92,99.7,91.1,92.25,11487
NAHARINDUS,20210113,54.85,54.85,52.15,53.05,40947
NAHARPOLY,20210113,94.35,94.35,90.1,90.85,27175
NAHARSPING,20210113,82.2,86.4,80.95,82.05,36962
NAM-INDIA,20210113,315.75,317.1,304.35,307.25,960064
NATCOPHARM,20210113,957,972,935,946.5,744466
NATHBIOGEN,20210113,283.95,284.7,275.95,278.45,89643
NATIONALUM,20210113,48.1,48.35,46.05,46.75,21435485
NATNLSTEEL,20210113,4.4,4.4,4.2,4.4,27298
NAUKRI,20210113,5420,5421.1,5173.45,5259.55,562001
NAVINFLUOR,20210113,2675.05,2715,2570,2579.8,134804
NAVKARCORP,20210113,45.5,45.55,43.25,43.65,692461
NAVNETEDUL,20210113,84.55,87.7,83.65,85.5,386815
NBCC,20210113,33.7,34.2,33.4,33.65,23100258
NBIFIN,20210113,1615.1,1725,1615.1,1652.7,965
NBVENTURES,20210113,62.8,63.5,61.05,62.3,1135084
NCC,20210113,61.95,62.75,60.2,61.75,7332162
NCLIND,20210113,155,155.25,148,151.2,283981
NCPSESDL24,20210113,103.55,103.55,103.35,103.36,416
NDGL,20210113,761.95,798,717,734,545
NDL,20210113,31.55,32.4,29.85,31.45,61520
NDRAUTO,20210113,267,267,249.35,256.35,10662
NDTV,20210113,39.9,40,39,39.05,27375
NECCLTD,20210113,10.4,10.4,9.8,9.85,36094
NECLIFE,20210113,23,23.3,22.5,22.85,373357
NELCAST,20210113,70.7,81.5,69.1,79.95,6299369
NELCO,20210113,215.5,225.95,209.5,214.6,931145
NEOGEN,20210113,750,785,730,740,440615
NESCO,20210113,610.6,615,587.8,602.9,197195
NESTLEIND,20210113,18039.95,18275,17965,18019.3,109387
NETF,20210113,177.78,177.78,177.78,177.78,116
NETFCONSUM,20210113,66.3,67.15,66.01,66.39,5101
NETFDIVOPP,20210113,36.11,36.74,34.56,35.13,3599
NETFIT,20210113,27.75,27.75,26.93,27.19,790750
NETFLTGILT,20210113,22.41,22.47,22.41,22.43,49611
NETFMID150,20210113,85.19,86.78,83.23,84.28,163126
NETFNIF100,20210113,152,152.15,149.71,151.17,961
NETFNV20,20210113,80.85,80.85,78.29,78.64,3217
NETWORK18,20210113,39.3,39.5,37.1,37.4,3378609
NEULANDLAB,20210113,1255,1287,1202.35,1239.4,223919
NEWGEN,20210113,295,316,293,301.85,388843
NEXTMEDIA,20210113,6.35,6.35,6.35,6.35,4589
NFL,20210113,45.35,45.35,43.1,43.85,2759289
NH,20210113,477.9,477.9,466.3,474.8,388308
NHPC,20210113,25,25.1,24.65,24.8,10373982
NIACL,20210113,134.5,135.25,130.4,132.05,330572
NIFTYBEES,20210113,156.15,156.15,154.31,155.6,1524163
NIFTYEES,20210113,18849.87,18849.87,18849.87,18849.87,1
NIITLTD,20210113,206.25,206.25,202,203.45,540142
NILAINFRA,20210113,6.75,6.75,6,6,1925164
NILASPACES,20210113,2.3,2.3,2.1,2.1,650379
NILKAMAL,20210113,1493,1522.75,1471.3,1491.2,14119
NIPPOBATRY,20210113,699.95,749,680,684.8,1563
NIRAJ,20210113,43,43,42,42.95,101960
NITCO,20210113,26.25,26.65,25.6,25.85,77155
NITINSPIN,20210113,87,87,82.35,82.4,52382
NKIND,20210113,19.9,21,19.25,19.65,1161
NLCINDIA,20210113,56.85,57.35,56.1,56.35,1330975
NMDC,20210113,128.35,128.9,123.85,126.1,8442641
NOCIL,20210113,150.15,154,148,149.55,1148759
NOIDATOLL,20210113,6.5,7,6.5,6.7,37573
NORBTEAEXP,20210113,8.8,8.9,8.65,8.9,2197
NOVARTIND,20210113,694.9,696,684.55,688,7655
NPBET,20210113,180.75,180.97,175,176.05,358
NRAIL,20210113,231.4,231.4,222.35,225,16141
NRBBEARING,20210113,110.6,111.85,107.75,108.9,331725
NSIL,20210113,974,990.95,974,981.3,953
NTL,20210113,1.3,1.3,1.3,1.3,1167
NTPC,20210113,100.25,104.35,100.15,102.55,49236964
NUCLEUS,20210113,607,619.55,596,600.75,79408
NXTDIGITAL,20210113,618,618,581.2,592.5,2981
OAL,20210113,566.05,570.95,533,544.65,40714
OBEROIRLTY,20210113,597.8,600,566.3,580.3,743283
OCCL,20210113,834.95,840.35,802.1,816.75,33658
OFSS,20210113,3497,3542,3461,3481.3,107329
OIL,20210113,116.5,119.4,115.35,116.95,2942908
OLECTRA,20210113,148.65,148.65,135.75,142.2,712095
OMAXAUTO,20210113,48.95,51.95,48.55,49.3,209925
OMAXE,20210113,83.9,83.9,81.15,82.3,40331
OMMETALS,20210113,25.45,26,25,25.95,433982
ONELIFECAP,20210113,8.45,8.45,8.4,8.45,6752
ONEPOINT,20210113,19.4,19.95,18.05,19,2001
ONGC,20210113,104.95,107.9,104.1,105.25,42401579
ONMOBILE,20210113,60,61.2,56.7,57.9,325859
ONWARDTEC,20210113,108.4,108.65,103,104.6,128507
OPTIEMUS,20210113,88.95,90.7,85.05,87.65,56373
OPTOCIRCUI,20210113,5.8,6,5.6,5.6,645018
ORBTEXP,20210113,79.4,79.95,75.1,76.1,17570
ORCHPHARMA,20210113,190.95,190.95,190.95,190.95,47
ORICONENT,20210113,26.6,26.7,25.5,25.85,246830
ORIENTABRA,20210113,25.45,26.15,24.6,24.85,120345
ORIENTALTL,20210113,11.05,11.2,11,11,29618
ORIENTBELL,20210113,195,201.9,192.8,194.4,17240
ORIENTCEM,20210113,87,87.55,85.5,86.6,285559
ORIENTELEC,20210113,237.85,241.1,231.5,233.55,211271
ORIENTHOT,20210113,25.1,26.55,25.05,25.45,82065
ORIENTLTD,20210113,90,97.9,90,94.65,3865
ORIENTPPR,20210113,22.9,23.05,22.15,22.4,622938
ORIENTREF,20210113,238.05,244,232.5,234.1,102290
ORISSAMINE,20210113,2690,2690,2525,2582.2,43791
OSWALAGRO,20210113,12.25,12.25,11.5,11.7,111886
PAGEIND,20210113,30050,30314.3,28850,28982.45,54863
PAISALO,20210113,687.1,752.9,687.1,717.15,51996
PALASHSECU,20210113,43,45.95,43,45.7,2241
PALREDTEC,20210113,46.05,47.4,44.2,47.4,20036
PANACEABIO,20210113,226.8,228.3,219.6,221.15,169872
PANACHE,20210113,42.25,45.55,41.55,43.1,41408
PANAMAPET,20210113,101.4,102.25,98.5,99.35,80499
PARACABLES,20210113,8.9,10.35,8.7,9.85,1534148
PARAGMILK,20210113,112,120,111.65,118.6,2942270
PARSVNATH,20210113,5.4,5.9,5.4,5.4,127682
PATELENG,20210113,14.8,14.85,13.6,14.05,1420445
PATINTLOG,20210113,32.4,32.9,31.55,32.25,78555
PATSPINLTD,20210113,7.6,7.6,7.1,7.45,12609
PCJEWELLER,20210113,27.8,28.45,27.6,28,2961313
PDMJEPAPER,20210113,22.15,23.7,21.85,23,412410
PDSMFL,20210113,607.95,625.9,580,598.9,7915
PEARLPOLY,20210113,18.85,18.85,17.95,18.2,11882
PEL,20210113,1577.1,1601,1522.35,1567.15,3941557
PENIND,20210113,24.6,25.8,22.9,23.7,480478
PENINLAND,20210113,6.65,6.9,6.5,6.5,385741
PERSISTENT,20210113,1630,1665.6,1606.2,1646.1,405375
PETRONET,20210113,271,274.7,261.6,265.5,4411343
PFC,20210113,122.8,123.15,118.5,121.1,5563836
PFIZER,20210113,5200,5211.2,5170.3,5197.9,52691
PFOCUS,20210113,50.05,50.6,48,49.05,113801
PFS,20210113,20.8,21.25,20.25,20.5,1189625
PGEL,20210113,145.5,148,141.9,145.15,27575
PGHH,20210113,11358,11375.55,11300,11340.85,5353
PGHL,20210113,6868.9,6884.55,6711,6800.65,12915
PGIL,20210113,199.8,200.55,189.8,196.2,8344
PHILIPCARB,20210113,176.1,176.9,170.1,172.7,638585
PHOENIXLTD,20210113,819,827.15,782.15,791.2,414971
PIDILITIND,20210113,1809.9,1815,1771,1793.1,530319
PIIND,20210113,2290,2303.85,2251.55,2256.55,413318
PILANIINVS,20210113,1980,1980,1915,1936,5249
PILITA,20210113,11.7,12.25,10.9,11,1480422
PIONDIST,20210113,127.15,129.5,124.05,124.9,26616
PIONEEREMB,20210113,42.2,42.2,38.1,39,120024
PITTIENG,20210113,59.85,60,58.2,58.45,226912
PKTEA,20210113,209,209,200,200.65,277
PLASTIBLEN,20210113,268,268.75,261.55,263.1,25789
PNB,20210113,37,37.2,35.25,36.6,227452083
PNBGILTS,20210113,45.35,46.25,44.75,45.15,335582
PNBHOUSING,20210113,376,383,366.2,376.1,616043
PNC,20210113,22,23,20.5,21.2,51066
PNCINFRA,20210113,193.6,195.7,188.15,191.15,1278056
PODDARHOUS,20210113,232.4,232.4,213,218.35,4664
PODDARMENT,20210113,197.85,205,197.85,199.15,27561
POLYCAB,20210113,1211,1263,1195,1221,602575
POLYMED,20210113,516.9,516.9,503.25,507.7,28990
POLYPLEX,20210113,718,724.95,711,715.9,50997
PONNIERODE,20210113,164.35,164.4,160.75,161.8,4311
POWERGRID,20210113,203.8,206.6,202.6,205,13383333
POWERINDIA,20210113,1330,1330,1290,1303,16056
POWERMECH,20210113,429.9,433,424,429.75,26728
PPAP,20210113,288,294.4,272.05,276.65,85551
PPL,20210113,124.6,125.25,120.1,122.6,164467
PRABHAT,20210113,72.45,79.95,71.9,75.9,314894
PRADIP,20210113,1.1,1.1,1,1,7342
PRAENG,20210113,8.75,9.55,8.75,9.55,37319
PRAJIND,20210113,129.2,130.9,125,125.7,1634787
PRAKASH,20210113,59.6,60.7,57.25,58.55,771523
PRAKASHSTL,20210113,1,1.05,0.95,1,274949
PRAXIS,20210113,50.35,51.95,48.75,50.15,55366
PRECAM,20210113,46.8,48.2,45.85,46.35,318954
PRECOT,20210113,83.5,87.35,80,84,1968
PRECWIRE,20210113,161,162.45,156.95,159,20782
PREMEXPLN,20210113,154.85,156.05,152,152.05,15632
PREMIER,20210113,5,5.25,4.95,4.95,28964
PREMIERPOL,20210113,44.4,47.35,43.05,46.8,90883
PRESSMN,20210113,27.35,27.35,25.2,25.65,28724
PRESTIGE,20210113,298.8,304.8,288.2,295.35,978988
PRICOLLTD,20210113,51.95,52.4,50,50.8,496160
PRIMESECU,20210113,43.3,46.25,41,44.35,112695
PRINCEPIPE,20210113,295.15,297.95,290,292,209506
PRIVISCL,20210113,564.05,566.9,555,557.2,22403
PROZONINTU,20210113,22.5,22.75,21.7,22,258783
PRSMJOHNSN,20210113,88,89.2,84.35,84.8,368069
PSB,20210113,14,14.1,13.55,13.85,629329
PSPPROJECT,20210113,431.95,433.4,420.5,427.4,181066
PSUBNKBEES,20210113,21,21.78,20.77,21.68,1399225
PTC,20210113,61.05,61.6,59.5,59.95,1687346
PTL,20210113,45,45,43.9,44,61204
PUNJABCHEM,20210113,789.95,791.9,741.25,761.3,17641
PURVA,20210113,88.9,89.9,86.05,87.15,159568
PVR,20210113,1467,1499.6,1436,1455.05,2050579
QGOLDHALF,20210113,2148.95,2148.95,2138,2140.7,1262
QNIFTY,20210113,1513.1,1513.7,1509.3,1509.3,7
QUESS,20210113,539.85,572,536,566.95,834202
QUICKHEAL,20210113,169.5,171.3,165.8,167.85,199965
RADAAN,20210113,1.3,1.3,1.25,1.25,3746
RADICO,20210113,508.95,517.6,505.25,507.55,433606
RADIOCITY,20210113,24.25,24.25,23.3,23.65,144577
RAIN,20210113,152.4,152.9,145,148.5,1526452
RAJESHEXPO,20210113,486.95,489.85,481,483.85,233390
RAJRATAN,20210113,458.1,469.95,443.95,447.4,12059
RAJSREESUG,20210113,16.85,17.3,16.3,16.55,20754
RAJTV,20210113,37,38.7,36.6,37.9,24536
RALLIS,20210113,297.8,302.9,292,293.8,413078
RAMANEWS,20210113,15.4,15.4,14.2,14.7,121219
RAMASTEEL,20210113,78,78,78,78,6024
RAMCOCEM,20210113,863.3,867.7,838.55,847.5,449902
RAMCOIND,20210113,233.95,237.4,232.75,236.25,75864
RAMCOSYS,20210113,753.9,757.65,691.05,715.6,255150
RAMKY,20210113,50.5,51.8,48.5,50.75,54271
RANASUG,20210113,6.95,7.25,6.95,7.05,432262
RANEENGINE,20210113,278.65,282.95,272,273,6889
RANEHOLDIN,20210113,652.95,654,630.05,635.75,12745
RATNAMANI,20210113,1605.3,1624,1592.9,1605.2,7335
RAYMOND,20210113,345,352.25,342,346.1,1245040
RBL,20210113,802,802,787,790.05,5753
RBLBANK,20210113,258.35,263.6,247.2,254.4,17572485
RCF,20210113,58.5,59.25,56.3,56.85,3919622
RCOM,20210113,2,2,1.95,2,8429466
RECLTD,20210113,145.65,146,140.3,143.35,5516287
REDINGTON,20210113,137.8,138.25,132.65,133.35,516579
RELAXO,20210113,884.9,895,855,885.3,240896
RELCAPITAL,20210113,11.45,11.6,11,11.3,899897
RELIANCE,20210113,1963.55,1974.95,1918.45,1938.8,12284876
RELIGARE,20210113,70.6,72.05,66.75,68.05,1253427
RELINFRA,20210113,32.4,33,31.3,31.5,6026760
REMSONSIND,20210113,115,122,113.55,115.5,7615
RENUKA,20210113,11.9,12.1,11.7,11.8,2035034
REPCOHOME,20210113,276,277.35,260,265.7,638079
REPL,20210113,150,152,142.85,144.7,22958
REPRO,20210113,396.85,400.45,386,387.55,5790
RESPONIND,20210113,184,188.9,182,182.65,46714
REVATHI,20210113,633.7,633.7,601.15,605.5,5136
RGL,20210113,309.15,316.55,305,305.85,5954
RHFL,20210113,2.45,2.55,2.35,2.5,763434
RICOAUTO,20210113,39.75,39.75,37.35,38.2,1037954
RIIL,20210113,414.2,416.5,399.6,403.6,328644
RITES,20210113,270,271,265.9,266.7,382799
RKDL,20210113,9.2,9.85,9,9.1,30374
RKEC,20210113,45.25,45.65,44,44.25,20700
RKFORGE,20210113,569,600,569,594.05,76180
RMCL,20210113,3.7,3.7,3.55,3.55,38320
RML,20210113,272.7,273.2,261.5,263.45,10499
RNAVAL,20210113,3.15,3.15,3.05,3.05,2646814
ROHITFERRO,20210113,1.9,1.9,1.9,1.9,64875
ROHLTD,20210113,75,77,73.65,75.1,61962
ROLLT,20210113,4.45,4.65,4.3,4.35,118984
ROLTA,20210113,6.2,6.3,6.05,6.1,316584
ROML,20210113,74.55,74.55,74.55,74.55,1462
ROSSARI,20210113,882,885.55,870,878.95,66766
ROSSELLIND,20210113,125.95,127.35,119.05,121.65,16352
ROUTE,20210113,1179,1198.05,1125,1141.7,419539
RPGLIFE,20210113,371.85,376,367,368.6,19520
RPOWER,20210113,3.5,3.5,3.35,3.4,8653739
RPPINFRA,20210113,68.9,69.65,62.85,64,112085
RSSOFTWARE,20210113,34.6,34.9,32.35,32.35,78041
RSWM,20210113,162.8,173,162.8,170.05,53305
RSYSTEMS,20210113,122.7,123.25,119.5,119.95,29438
RTNINFRA,20210113,8.2,8.45,7.8,8.35,2574238
RTNPOWER,20210113,3.4,3.4,3.1,3.2,38696258
RUBYMILLS,20210113,208.9,208.9,196.3,199.5,5239
RUCHI,20210113,655,665.25,641.45,650.35,12145
RUCHINFRA,20210113,7.65,7.65,7.2,7.5,117323
RUCHIRA,20210113,65,65,63.7,64.1,21632
RUPA,20210113,300,302.65,291.3,294.35,61220
RUSHIL,20210113,183,188.45,180.65,181.8,19784
RVHL,20210113,28.6,29.7,27.55,28.25,163306
RVNL,20210113,33,34.15,32.55,33.05,19659683
S&SPOWER,20210113,10.85,10.85,10.85,10.85,1704
SADBHAV,20210113,65.3,66,62,63.15,1571957
SADBHIN,20210113,21.2,21.35,20.9,21.1,306281
SAFARI,20210113,558.6,571,555,555.35,8341
SAGARDEEP,20210113,34,36,34,34.9,6353
SAGCEM,20210113,732.8,737,719.15,724.05,34562
SAIL,20210113,76.6,77.8,73.7,74.7,33050639
SAKAR,20210113,123.05,123.9,115.05,117.05,80649
SAKHTISUG,20210113,10.85,10.85,10.2,10.35,65803
SAKSOFT,20210113,389.5,391.85,370,372.4,46429
SAKUMA,20210113,6.9,7.4,6.6,7.05,1311401
SALASAR,20210113,286.9,286.9,277.45,283.9,86449
SALONA,20210113,77,78,72.1,73.25,1422
SALSTEEL,20210113,5.3,5.3,4.95,4.95,207289
SALZERELEC,20210113,127.95,129.9,125.25,126.65,39563
SAMBHAAV,20210113,2.85,2.85,2.85,2.85,41323
SANCO,20210113,16.75,17.25,16.2,16.6,371681
SANDESH,20210113,655.05,657.05,631,637.35,737
SANDHAR,20210113,233.8,276,233.7,254.15,935577
SANGAMIND,20210113,92.3,95.9,90.95,93.35,21931
SANGHIIND,20210113,41.6,42.9,38.85,40,6110584
SANGHVIFOR,20210113,22.5,22.5,22.5,22.5,222
SANGHVIMOV,20210113,121.8,121.8,116.15,117.6,63108
SANGINITA,20210113,28.4,28.4,27.3,27.65,39970
SANOFI,20210113,8300,8390,8265.05,8300.7,47926
SARDAEN,20210113,370.3,375.5,362,365.95,62825
SAREGAMA,20210113,833.6,846.95,825.05,830.3,34433
SARLAPOLY,20210113,31.35,31.35,28.65,29.15,353861
SASKEN,20210113,857.6,871.2,840,844.15,32786
SASTASUNDR,20210113,130.15,133.75,126.05,128,34150
SATIA,20210113,94.4,95.5,92.1,92.6,178164
SATIN,20210113,82.9,83.1,77.75,79.4,226810
SBICARD,20210113,963,979,962.9,974,1300730
SBIETFIT,20210113,276.99,276.99,270.01,272.33,1890
SBIETFPB,20210113,182.96,183,175.48,177.95,1229
SBIETFQLTY,20210113,132.22,133.45,130.1,131.15,5986
SBILIFE,20210113,927.5,949,922.5,926.55,1996557
SBIN,20210113,296,308,294.5,306.8,78042133
SCAPDVR,20210113,1.5,1.5,1.4,1.45,70955
SCHAEFFLER,20210113,4574,4599,4414,4492.6,15457
SCHAND,20210113,69.7,69.85,67.1,67.75,144151
SCHNEIDER,20210113,96.45,97.65,91.9,93.1,919943
SCI,20210113,87.95,88.4,85,86.2,1268011
SDBL,20210113,32.15,32.3,31.45,31.6,106727
SEAMECLTD,20210113,474.95,480.25,465,468.1,126584
SELAN,20210113,135.45,140,133.75,136.55,176181
SEPOWER,20210113,4.8,4.8,4.8,4.8,13268
SEQUENT,20210113,186.4,189.85,182.7,185.45,884829
SESHAPAPER,20210113,153.85,154.3,141.6,151.3,58094
SETCO,20210113,15.55,15.55,14.8,15.5,772122
SETF10GILT,20210113,204.4,204.4,202.55,203.9,31
SETFGOLD,20210113,4465,4705.2,4408,4412.85,32736
SETFNIF50,20210113,151,151.8,149.83,151.23,209488
SETFNIFBK,20210113,322.81,325.51,320.59,324.87,98505
SETFNN50,20210113,359.29,359.29,350,352.47,32469
SETUINFRA,20210113,1.25,1.25,1.15,1.15,154642
SEYAIND,20210113,66.75,67.25,65.6,66.05,20200
SFL,20210113,2023.05,2049.35,1930,1961,37685
SGL,20210113,9.55,9.85,9.05,9.1,28770
SHAHALLOYS,20210113,12.95,12.95,11.8,11.8,10025
SHAKTIPUMP,20210113,375,377,357,364.05,39375
SHALBY,20210113,117.4,122.95,114.65,116.15,772839
SHALPAINTS,20210113,97.75,107.9,94.75,105.6,1860679
SHANKARA,20210113,353,355.2,346.5,348.45,30550
SHANTIGEAR,20210113,123.55,124.75,121.5,122,81994
SHARDACROP,20210113,276,278.2,272,274.45,36069
SHARDAMOTR,20210113,2030.1,2036.15,1785.1,1906.25,15613
SHAREINDIA,20210113,202.9,204,192,195.7,31447
SHARIABEES,20210113,370,381.1,370,373.09,450
SHEMAROO,20210113,77,77.15,72.5,73.95,39056
SHIL,20210113,182.3,182.3,175.85,176.65,127436
SHILPAMED,20210113,442.8,444.85,437.95,440.95,242546
SHIVAMAUTO,20210113,23.7,23.7,21.8,22,223347
SHIVAMILLS,20210113,39.3,39.3,35.35,35.95,28835
SHIVATEX,20210113,136.45,136.5,127.15,129.7,9758
SHK,20210113,127.25,130.5,124.2,125.4,528469
SHOPERSTOP,20210113,216.5,225,212,213.7,442965
SHRADHA,20210113,66.5,66.5,63,64.5,4493
SHREDIGCEM,20210113,61.15,61.2,59.5,59.9,452793
SHREECEM,20210113,25585,25600,24567.5,24726.4,71497
SHREEPUSHK,20210113,134.45,137.5,130.5,132.25,92030
SHREERAMA,20210113,8.9,8.95,8.65,8.85,51471
SHRENIK,20210113,4.05,4.1,3.95,4,2562041
SHREYANIND,20210113,88.95,88.95,86,86.65,20280
SHREYAS,20210113,79.55,81,75.5,76.7,150896
SHRIPISTON,20210113,608,613.9,593.55,600,610
SHRIRAMCIT,20210113,1129.9,1150,1063.35,1097.8,47502
SHRIRAMEPC,20210113,5.3,5.5,5.25,5.3,497779
SHYAMCENT,20210113,6.15,6.55,6.15,6.3,88797
SHYAMTEL,20210113,6.35,6.4,6.05,6.1,8470
SICAGEN,20210113,16,16.6,15.35,15.85,19134
SICAL,20210113,17.6,18.4,17.05,18.3,233810
SIEMENS,20210113,1642,1649.9,1623.9,1628.55,424905
SIGIND,20210113,31.5,34.4,30.2,31.6,70607
SIL,20210113,11.05,11.6,10.85,11.6,35082
SILINV,20210113,210.1,217.1,210.1,213.1,2761
SILLYMONKS,20210113,27.55,27.55,26.2,27.55,1513
SIMBHALS,20210113,8.05,8.25,8.05,8.05,23209
SIMPLEXINF,20210113,40.75,40.75,39.5,39.65,93208
SINTERCOM,20210113,78.45,85.85,78,83.2,35713
SINTEX,20210113,4.65,5.05,4.65,5.05,4984031
SIRCA,20210113,330,354,326,344.7,206613
SIS,20210113,415,418,410.25,412.8,115974
SITINET,20210113,1.4,1.4,1.4,1.4,867033
SIYSIL,20210113,205.9,205.9,199.65,202.55,78227
SJVN,20210113,27.15,27.4,26.5,26.6,3214044
SKFINDIA,20210113,1844,1856.45,1836.75,1849.15,28538
SKIL,20210113,3.35,3.65,3.35,3.65,86408
SKIPPER,20210113,67.2,68.4,64.55,65.9,87685
SKMEGGPROD,20210113,56.2,57.85,55.7,56.1,69221
SMARTLINK,20210113,88.85,89.25,88.2,88.5,6294
SMLISUZU,20210113,495,502.8,482,486.15,42414
SMSLIFE,20210113,585,597.5,581.5,585.15,4481
SMSPHARMA,20210113,119.5,124,118.05,119.9,204727
SNOWMAN,20210113,62.45,62.6,59.1,60.2,3179179
SOBHA,20210113,479.7,496,478.05,484.95,618245
SOLARA,20210113,1224,1238.85,1193.35,1209.45,52018
SOLARINDS,20210113,1188.7,1229,1155.05,1179.35,64736
SOMANYCERA,20210113,348,353.9,344.3,349.25,118444
SOMATEX,20210113,3.35,3.35,3.35,3.35,21181
SOMICONVEY,20210113,34.8,37.75,34.65,37.75,128775
SONATSOFTW,20210113,426.1,429.4,411,415.25,200012
SORILINFRA,20210113,139.35,141.45,136,138.55,130870
SOTL,20210113,723,723,705.2,712.45,7960
SOUTHBANK,20210113,9.6,9.8,9.3,9.45,26068934
SOUTHWEST,20210113,44,45.05,42.05,44.55,165253
SPAL,20210113,174.7,175,162.1,167.5,50722
SPANDANA,20210113,762,774.7,756.1,765.5,28377
SPARC,20210113,196.2,197.5,190.4,193.1,583771
SPECIALITY,20210113,46.8,46.85,45.6,46.15,57761
SPENCERS,20210113,85.4,86.1,82.8,83.55,435473
SPIC,20210113,28.9,29.2,26.8,28.1,1624197
SPICEJET,20210113,94.4,94.75,91.15,92.6,3368045
SPLIL,20210113,54,57.7,48.5,50.7,1563373
SPMLINFRA,20210113,17.4,17.55,16.35,16.55,62979
SPTL,20210113,3.45,3.75,3.45,3.65,2515872
SREEL,20210113,149.2,149.2,145.2,146.25,39453
SREINFRA,20210113,8.55,8.8,8.2,8.25,2910266
SRF,20210113,5949,6039.3,5844.6,6008.95,160915
SRHHYPOLTD,20210113,249.45,249.8,245.55,246.5,14666
SRIPIPES,20210113,152.9,159.05,152.9,157.1,205095
SRPL,20210113,33,33.4,32.1,33,4110
SRTRANSFIN,20210113,1274,1280.8,1177.55,1216.85,5307342
SSWL,20210113,669.9,673.7,635.4,650.75,153413
STAMPEDE,20210113,0.75,0.75,0.75,0.75,113109
STAR,20210113,920.7,944.65,892,928.1,985483
STARCEMENT,20210113,105.9,105.9,102.65,103.45,179672
STARPAPER,20210113,118.45,118.8,115.55,116.2,109677
STCINDIA,20210113,80,80.95,78.25,78.9,42948
STEELCITY,20210113,37.1,38.85,37.1,37.5,12560
STEELXIND,20210113,50.5,52.45,49.6,51.55,135396
STEL,20210113,76.3,80.85,72,79.45,339624
STERTOOLS,20210113,215,219,211,212.65,47158
STLTECH,20210113,191,192.7,186.15,187.6,741871
SUBCAPCITY,20210113,21.95,21.95,20.9,20.9,6183
SUBEXLTD,20210113,27.8,27.95,26.1,27.05,4000375
SUBROS,20210113,351.2,359.6,338.65,340.9,67270
SUDARSCHEM,20210113,502.7,503.9,498.5,500.15,159131
SUJANAUNI,20210113,0.45,0.5,0.4,0.4,590575
SUMICHEM,20210113,319.8,322.8,310.65,312.35,522618
SUMIT,20210113,10,10,9.65,9.9,25859
SUMMITSEC,20210113,545.3,553.1,535.15,545.4,1923
SUNCLAYLTD,20210113,2666.4,2682,2635,2660.45,3741
SUNDARAM,20210113,1.7,1.75,1.65,1.75,586637
SUNDARMFIN,20210113,1885.15,1885.15,1809,1868.25,67184
SUNDARMHLD,20210113,78,79.9,75,76.45,175378
SUNDRMBRAK,20210113,337.95,337.95,319.35,320.25,4538
SUNDRMFAST,20210113,569.9,569.9,541,549.1,197668
SUNFLAG,20210113,66.8,67.6,64.85,65.85,413937
SUNPHARMA,20210113,611,614.5,597.25,602.3,6186661
SUNTECK,20210113,383.1,385,370.2,382.25,321170
SUNTV,20210113,533,539.4,520.1,534.95,4803358
SUPERHOUSE,20210113,133.7,134.9,125.45,130.4,50904
SUPERSPIN,20210113,5.8,5.9,5.4,5.4,79557
SUPPETRO,20210113,392.4,396,375,376.1,105283
SUPRAJIT,20210113,221.95,222.9,209.3,219.6,190104
SUPREMEENG,20210113,34.35,34.35,31.2,32.9,128950
SUPREMEIND,20210113,1773,1788.65,1727.45,1752.6,79093
SURANASOL,20210113,10.5,11.4,10.5,11.4,197423
SURANAT&P,20210113,5.5,5.7,5.5,5.7,149655
SURYALAXMI,20210113,34.9,34.9,33.2,33.5,10058
SURYAROSNI,20210113,337,353,335.5,343.05,237608
SUTLEJTEX,20210113,50,50.4,47.3,48.25,137667
SUULD,20210113,141.05,143,140.6,142.85,33287
SUVEN,20210113,84.6,85.5,80,81.85,686009
SUVENPHAR,20210113,455.1,460,435,439.4,377460
SUZLON,20210113,6.65,6.65,6.65,6.65,5276324
SWANENERGY,20210113,130.25,132.95,129.1,131.1,113683
SWARAJENG,20210113,1413,1430.05,1391.55,1397.3,20277
SWELECTES,20210113,203.55,206,195,197.85,15161
SWSOLAR,20210113,272,279.9,264.25,267.8,1002837
SYMPHONY,20210113,1077,1084,1047,1051.7,49398
SYNGENE,20210113,617,623,608,617.95,523360
TAINWALCHM,20210113,74.65,76.9,73.3,73.8,15585
TAJGVK,20210113,141.45,144.5,139.1,140.2,250824
TAKE,20210113,65.7,66.45,61.35,63.55,4728855
TALBROAUTO,20210113,185,194.8,179.15,184.75,201674
TANLA,20210113,750.8,759,724.6,742.75,202510
TARC,20210113,26.55,27.25,24.5,25.05,702893
TARMAT,20210113,50.6,58.25,48.2,58.25,633360
TASTYBITE,20210113,12199,12246.95,11900,12135.5,3036
TATACHEM,20210113,528.9,551.75,528,541.95,16661781
TATACOFFEE,20210113,115.85,120,113.35,115.85,8217211
TATACOMM,20210113,1100,1108,1062,1079,640715
TATACONSUM,20210113,626.8,633,611.3,620.4,3660044
TATAELXSI,20210113,2150.25,2424.7,2140.05,2371.85,5367427
TATAINVEST,20210113,1092.7,1134,1060.7,1089.45,254844
TATAMETALI,20210113,664,680.5,662.55,678.1,256293
TATAMOTORS,20210113,242.9,248.8,238.4,242.6,164649387
TATAMTRDVR,20210113,97,99.9,94.1,96.9,17073544
TATAPOWER,20210113,86.9,87.65,83.75,85.85,37272052
TATASTEEL,20210113,701.45,714.55,693,709.15,19353871
TATASTLBSL,20210113,43.8,44.8,43.3,44.4,6305787
TATASTLLP,20210113,662.1,695,655.1,683.35,333336
TBZ,20210113,84.6,86.85,81.3,84.15,1244926
TCI,20210113,249,251,245.7,249,45111
TCIDEVELOP,20210113,325,325.3,315.5,318.95,802
TCIEXP,20210113,979.9,987.85,951.1,956.9,18260
TCIFINANCE,20210113,4.75,4.9,4.6,4.9,4077
TCNSBRANDS,20210113,440,440.95,432.05,437.75,13048
TCPLPACK,20210113,374.95,378.7,365.1,367.2,3540
TCS,20210113,3175,3177,3126.25,3158.95,3572801
TDPOWERSYS,20210113,145.9,145.9,139.05,141.95,39818
TEAMLEASE,20210113,2795,2824.55,2770.05,2811.2,39718
TECHIN,20210113,2.95,2.95,2.95,2.95,543
TECHM,20210113,1074,1078.75,1050.05,1069.65,4671772
TECHNOE,20210113,265.5,272,260.9,267.75,294708
TEJASNET,20210113,133.55,135.7,127.5,130.35,416391
TERASOFT,20210113,59.1,61.85,56.5,57.75,252002
TEXINFRA,20210113,54.8,57.75,53.75,54.45,334202
TEXMOPIPES,20210113,24.65,25.25,23.5,24.3,127106
TEXRAIL,20210113,33.6,38.75,33.5,35.5,11109248
TFCILTD,20210113,55.4,56.7,54.1,54.65,337907
TFL,20210113,2.85,2.85,2.85,2.85,8
TGBHOTELS,20210113,5.85,6.15,5.7,5.75,19513
THANGAMAYL,20210113,614,676.35,587.7,663.25,471737
THEMISMED,20210113,345.8,351.95,341.05,344.1,9541
THERMAX,20210113,991.6,1015.05,982,996.15,89401
THOMASCOOK,20210113,47.7,47.7,45.8,46.15,692867
THOMASCOTT,20210113,9,9.1,9,9.05,2429
THYROCARE,20210113,974.45,979,961,974.5,98926
TI,20210113,29.2,29.7,28.2,29.2,197911
TIDEWATER,20210113,4562.05,4579.9,4412.35,4481.3,4334
TIIL,20210113,357,357,339,344.6,50887
TIINDIA,20210113,835.2,836.85,821.5,830.3,177584
TIJARIA,20210113,9,9.6,8.8,8.8,15202
TIL,20210113,177.95,179.85,171.6,174.2,7280
TIMESGTY,20210113,27.7,27.75,26.1,26.3,5084
TIMETECHNO,20210113,55.65,57,52.8,53.85,956765
TIMKEN,20210113,1273,1294.9,1225.25,1251.8,45459
TINPLATE,20210113,182.65,185.55,177.2,180.25,759578
TIPSINDLTD,20210113,380,380,355,358.8,23566
TIRUMALCHM,20210113,102.25,103.4,97.1,99,1690002
TIRUPATIFL,20210113,28.95,28.95,28.95,28.95,60
TITAN,20210113,1530,1536,1495,1505.8,3527208
TMRVL,20210113,12.25,12.25,11.7,11.9,97774
TNPETRO,20210113,44.6,45.6,43.5,44.1,603197
TNPL,20210113,133,133.3,127.5,129.15,229357
TNTELE,20210113,2.9,2.9,2.9,2.9,1301
TOKYOPLAST,20210113,72.65,73.9,72,72.5,4835
TORNTPHARM,20210113,2844.95,2849.2,2742.75,2766.65,370994
TORNTPOWER,20210113,336,340.2,326.65,331.1,1358744
TOTAL,20210113,71.6,74,68.05,68.65,122736
TOUCHWOOD,20210113,102.9,104.25,94.35,94.55,77810
TPLPLASTEH,20210113,170.45,176.35,170.25,172.05,3537
TREEHOUSE,20210113,7,7.2,6.7,6.85,57921
TREJHARA,20210113,36.65,36.8,34.3,34.8,41825
TRENT,20210113,687.9,693,667,673.25,692189
TRF,20210113,102.9,105.2,100,101.2,60406
TRIDENT,20210113,14.35,14.75,13.95,14.35,57152871
TRIGYN,20210113,86,86,81.45,81.8,83060
TRIL,20210113,19.95,20,19.05,19.8,179726
TRITURBINE,20210113,99.15,99.15,91.7,92.8,337979
TRIVENI,20210113,72.5,75.6,72.5,73.05,1042011
TTKHLTCARE,20210113,583.05,589,568.7,570.9,2709
TTKPRESTIG,20210113,6179.9,6205.95,6069.4,6130.1,6641
TTL,20210113,54.05,54.05,50.8,51.15,16728
TTML,20210113,10.25,10.25,9.35,10.25,3564421
TV18BRDCST,20210113,33.35,33.45,31.35,32.15,12329603
TVSELECT,20210113,127.6,131,127.1,129,22873
TVSMOTOR,20210113,518,526.55,507,511.35,2964843
TVSSRICHAK,20210113,1912.8,1939.7,1862.35,1882.5,6604
TVTODAY,20210113,240,252.45,240,248.35,344891
TVVISION,20210113,2.4,2.4,2.2,2.25,16169
TWL,20210113,58.7,61.35,58.1,59.05,1356077
UBL,20210113,1264,1300.05,1247,1291.45,1074206
UCALFUEL,20210113,130.95,133.7,126.15,128.15,35159
UCOBANK,20210113,13.35,13.45,13.05,13.25,4381028
UFLEX,20210113,383.5,386.5,372.8,377.1,117782
UFO,20210113,90.85,93.4,88.5,91.5,468020
UGARSUGAR,20210113,17.65,17.8,17.2,17.5,152887
UJAAS,20210113,3.7,3.75,3.65,3.65,2435526
UJJIVAN,20210113,297,302.5,285.95,291.1,751257
UJJIVANSFB,20210113,42.5,43.15,41.4,41.75,1811776
ULTRACEMCO,20210113,5650,5674,5600,5650.75,423240
UMANGDAIRY,20210113,66.05,67.95,63.05,65.15,82130
UMESLTD,20210113,3.9,3.9,3.9,3.9,129
UNICHEMLAB,20210113,279.7,284.5,272,274.75,261826
UNIDT,20210113,325.05,335,316,317.85,23858
UNIENTER,20210113,72.55,73,68.65,69.45,33622
UNIONBANK,20210113,33.3,33.85,32.3,33.2,19044455
UNITEDTEA,20210113,319,325.9,317,320,3170
UNIVASTU,20210113,36.45,36.45,33.25,35.2,4417
UNIVCABLES,20210113,152.65,152.8,147.45,148.9,31192
UNIVPHOTO,20210113,212,217.65,203,217,69662
UPL,20210113,502,505.8,484.4,491.7,4694033
URJA,20210113,9.5,9.55,8.65,9.55,8586188
USHAMART,20210113,33.9,34.4,32.35,33,805859
UTIAMC,20210113,555.1,556.5,542.2,551.75,292424
UTIBANKETF,20210113,320.1,335.31,312.78,325.1,139
UTINEXT50,20210113,356.33,359,350,352.74,557
UTINIFTETF,20210113,1562,1564.65,1549.05,1554.41,196
UTISENSETF,20210113,530,531,524,528.31,1041
UTISXN50,20210113,400.07,400.07,390,397.1,183
UTTAMSTL,20210113,8.95,8.95,8.95,8.95,139207
UTTAMSUGAR,20210113,104.8,106.5,102,103.1,53148
V2RETAIL,20210113,108.95,108.95,108.95,108.95,62831
VADILALIND,20210113,823,823,800.1,800.35,4306
VAIBHAVGBL,20210113,2708,2710,2520,2579.7,27412
VAISHALI,20210113,50.05,52.65,50.05,50.05,123135
VAKRANGEE,20210113,69.15,69.45,65.5,65.5,6581418
VALIANTORG,20210113,1443,1457.4,1387,1404.8,38530
VARDHACRLC,20210113,42.25,42.25,40.55,41.45,87119
VARDMNPOLY,20210113,16,16,14.6,14.75,26707
VARROC,20210113,405,417.4,397.7,411.15,345093
VASCONEQ,20210113,14.7,14.95,14.2,14.3,193305
VASWANI,20210113,6.7,7,6.45,6.95,19541
VBL,20210113,994,994,922.8,937.7,453061
VEDL,20210113,182.75,184.2,176.4,180.5,16787140
VENKEYS,20210113,1555,1568.95,1540,1555.85,145867
VENUSREM,20210113,163.45,164.65,155,159.65,45396
VERTOZ,20210113,236.8,236.8,221.1,224.7,131730
VESUVIUS,20210113,1188,1200,1115.55,1134.55,10379
VETO,20210113,95.65,96.95,91.05,92.45,57871
VGUARD,20210113,213.45,218.5,208.2,215.4,995585
VHL,20210113,1493,1493,1441.15,1450.4,641
VICEROY,20210113,3.45,3.55,3.3,3.3,80062
VIDHIING,20210113,121.5,127,120.1,125.1,81198
VIJIFIN,20210113,0.8,0.8,0.75,0.8,291403
VIKASECO,20210113,3.75,3.9,3.6,3.9,29686350
VIKASMCORP,20210113,5.35,5.35,5.25,5.25,10422236
VIKASPROP,20210113,3.2,3.3,3.2,3.2,4944150
VIKASWSP,20210113,4.85,5,4.65,4.7,1036561
VIMTALABS,20210113,168,169.85,162.05,164.4,43564
VINATIORGA,20210113,1304,1314.4,1251.25,1280.5,108998
VINDHYATEL,20210113,849.95,855,828,831.45,9128
VINYLINDIA,20210113,121.8,126,121.15,122.4,91020
VIPCLOTHNG,20210113,15.1,16.55,15.05,16.55,525841
VIPIND,20210113,369.8,370.5,357.05,358.25,324229
VIPULLTD,20210113,22.5,23.7,21.65,21.9,48947
VISAKAIND,20210113,394.9,403.8,390,391.3,28996
VISASTEEL,20210113,8.05,8.15,7.65,7.65,46607
VISHAL,20210113,49.5,49.5,49.5,49.5,10065
VISHNU,20210113,194,194.9,191,193.35,6766
VISHWARAJ,20210113,121.05,125,121,123.3,15423
VIVIDHA,20210113,1.65,1.65,1.6,1.65,3808947
VIVIMEDLAB,20210113,18.45,18.6,17.8,18.1,198060
VLSFINANCE,20210113,80,80,77.45,78.5,55329
VMART,20210113,2466.55,2472,2323.05,2441.75,29521
VOLTAMP,20210113,1234,1254,1220,1225.8,7125
VOLTAS,20210113,906,912.75,882.05,896.8,1246019
VRLLOG,20210113,200.5,201.6,197,197.85,189975
VSSL,20210113,127.7,135,126.2,129.55,43681
VSTIND,20210113,3729.9,3729.9,3631,3669.65,5354
VSTTILLERS,20210113,1976.05,1980,1866,1898.4,19429
VTL,20210113,1090,1092.15,1059.2,1065.95,49571
WABAG,20210113,220.75,231.2,212.15,218.25,1385185
WABCOINDIA,20210113,5629.6,5700,5601,5625.1,4324
WALCHANNAG,20210113,69.7,69.7,67,67.35,136926
WATERBASE,20210113,125.4,127.15,123.5,124.4,210837
WEBELSOLAR,20210113,49.8,50.5,46.9,48.6,253164
WEIZMANIND,20210113,45.3,46.6,43.25,43.8,8345
WELCORP,20210113,140,144.75,138.65,141.95,1304206
WELENT,20210113,84.6,85.95,82,82.95,162627
WELINV,20210113,364.95,370.05,356.05,358.25,7026
WELSPUNIND,20210113,71.3,71.9,68.65,69.1,843078
WENDT,20210113,3590,3590,3351.3,3384.55,5047
WESTLIFE,20210113,445.7,479.8,445.7,469.1,402568
WHEELS,20210113,515,519.6,498.5,501,34252
WHIRLPOOL,20210113,2528.65,2536.9,2441.05,2472.55,123938
WILLAMAGOR,20210113,21.8,24,21.3,24,80105
WINDMACHIN,20210113,17.9,17.9,17.1,17.3,13523
WIPL,20210113,51.95,52.9,49,49.15,1893
WIPRO,20210113,461,467.45,452.8,459,29190193
WOCKPHARMA,20210113,511,511.5,485.05,495.6,623337
WONDERLA,20210113,207.95,209.9,205.65,206.7,63695
WORTH,20210113,54.4,60.75,54.4,60.15,277213
WSI,20210113,3.9,4.1,3.9,3.9,4539
WSTCSTPAPR,20210113,188,190.55,184,185.55,159254
XCHANGING,20210113,86.5,87.05,84.3,85.95,227142
XELPMOC,20210113,326.9,326.9,313.35,317.15,31746
XPROINDIA,20210113,38,38,36.1,37.7,1902
YAARII,20210113,116.95,117.8,111.2,114.25,656337
YESBANK,20210113,18.15,18.3,17.15,17.8,280118603
ZEEL,20210113,228.6,232.7,223.5,227.9,13442449
ZEELEARN,20210113,13.85,14.1,13.5,13.7,876593
ZEEMEDIA,20210113,5.6,5.8,5.55,5.6,2919650
ZENITHEXPO,20210113,81.55,81.55,75.65,76.55,1246
ZENITHSTL,20210113,1.05,1.05,1.05,1.05,119382
ZENSARTECH,20210113,239,240.9,234,235.8,117251
ZENTEC,20210113,97.5,98.75,94.75,96.45,321588
ZODIACLOTH,20210113,108.05,108.9,105.05,107.2,115475
ZODJRDMKJ,20210113,28.1,30.9,28.1,29.75,3052
ZOTA,20210113,165.6,168.9,160.3,162.35,9618
ZUARI,20210113,109.1,109.65,104.55,105.1,158198
ZUARIGLOB,20210113,114,118,110.9,112.7,219391
ZYDUSWELL,20210113,2036.9,2050,2000.55,2023.75,30323
NSENIFTY,20210113,14639.80,14653.35,14435.70,14564.85,873956688,0
NIFTYJUNIOR,20210113,34543.05,34644.30,33756.80,34156.00,533212848,0
NIFTYMIDCAPLIQ15,20210113,5674.60,5712.20,5503.70,5591.75,130923583,0
NSE100,20210113,14782.60,14793.25,14559.30,14694.95,1407169536,0
NIFTY200,20210113,7609.55,7616.00,7484.90,7558.70,3219210723,0
NSE500,20210113,12123.00,12133.40,11925.00,12041.10,3837512381,0
NSEMIDCAP150,20210113,8421.75,8446.60,8227.65,8328.30,1853471875,0
MIDCAP50,20210113,6472.35,6504.75,6275.30,6385.15,1409837576,0
NSEMIDCAP,20210113,22431.20,22504.60,21849.10,22155.25,1812041187,0
NSESMLCAP100,20210113,7486.85,7517.15,7353.60,7433.75,-,0
NIFTYLARGEMIDCAP250,20210113,-,-,-,7603.77,3260641411,0
NIFTYAUTO,20210113,10166.15,10269.90,10120.25,10208.55,278435840,0
BANKNIFTY,20210113,32546.60,32683.50,32148.25,32574.65,631806349,0
NIFTYFINSERVICE,20210113,15803.45,15848.25,15480.40,15624.05,184510225,0
NIFTYFMGC,20210113,34617.60,34945.30,34377.25,34617.60,83407138,0
NSEIT,20210113,27077.70,27103.90,26737.40,27004.30,60855167,0
NIFTYMEDIA,20210113,1772.20,1789.95,1725.40,1759.05,48170936,0
NIFTYMETAL,20210113,3539.35,3575.60,3460.25,3523.25,156810844,0
NIFTYPHARMA,20210113,13285.95,13304.75,12994.25,13122.55,24099130,0
NIFTYPVTBANK,20210113,17885.20,17927.75,17631.45,17803.30,201617723,0
NIFTYPSUBANK,20210113,1931.80,1980.35,1886.70,1972.65,607132141,0
NIFTYREALTY,20210113,341.30,346.50,333.75,337.60,66216443,0
NIFTYCOMMODITIES,20210113,4008.35,4027.95,3949.45,3999.45,339827103,0
NIFTYCONSUMPTION,20210113,6153.95,6170.15,6074.70,6125.70,216249673,0
NIFTYCPSE,20210113,1765.60,1791.50,1746.60,1767.40,188799540,0
NIFTYENERGY,20210113,17425.40,17615.45,17229.05,17430.15,271408090,0
NIFTY100ESG,20210113,-,-,-,2900.57,880030475,0
NIFTY100ENHESG,20210113,-,-,-,2925.16,835259706,0
NIFTYINFRA,20210113,3910.95,3943.50,3848.50,3894.70,510141795,0
NIFTYMNC,20210113,16423.35,16447.10,16234.55,16328.50,743786328,0
NIFTYPSE,20210113,3026.05,3070.40,2989.75,3029.50,500471805,0
NIFTYSMEEMERGE,20210113,-,-,-,1741.32,1136800,0
NIFTYSERVSECTOR,20210113,20838.55,20850.95,20491.80,20688.55,488701539,0
NIFTYSHARIAH25,20210113,-,-,-,5547.58,134242736,0
NIFTY50SHARIAH,20210113,-,-,-,3609.22,142826666,0
NIFTY500SHARIAH,20210113,-,-,-,4212.84,575429133,0
NIFTYABGROUP,20210113,-,-,-,3922.89,696967694,0
NIFTYMAHINDRA,20210113,-,-,-,13526.94,37154954,0
NIFTYTATA,20210113,-,-,-,10088.60,298989874,0
NIFTYTATA25CAP,20210113,-,-,-,7017.97,254715280,0
NIFTYABGROUP,20210113,-,-,-,3922.89,696967694,0
NIFTYLIQ15,20210113,3521.85,3539.30,3466.40,3513.90,360461284,0
NIFTY500VALUE50,20210113,-,-,-,4320.96,1343977852,0
NIFTYQUALLOWVOL30,20210113,-,-,-,10843.22,188781881,0
NIFTYALPHAQUALLOWVOL30,20210113,-,-,-,12506.19,186102416,0
NIFTYALPHAQUALVALLOWVOL30,20210113,-,-,-,9430.70,205027765,0
NIFTY50EQUALWEIGHT,20210113,15543.90,15600.60,15347.60,15519.35,873956688,0
NIFTY100EQUALWEIGHT,20210113,16589.30,16629.50,16305.10,16497.25,1407169536,0
NIFTY100LOWVOL30,20210113,11452.15,11473.55,11311.55,11405.15,317634888,0
NIFTY50DIVPOINT,20210113,82.51,82.51,82.51,82.51,-,0
NIFTYDIVOPPS50,20210113,3041.55,3058.40,3010.30,3041.95,762970890,0
NIFTYALPHA50,20210113,20651.95,20703.00,20188.75,20389.75,737511545,0
NIFTYHIGHBETA50,20210113,-,-,-,1657.94,1840203687,0
NIFTYLOWVOL50,20210113,-,-,-,13686.82,316182065,0
NIFTY50VALUE20,20210113,7310.65,7338.85,7260.65,7322.35,320431998,0
NIFTYGROWSECT15,20210113,7204.00,7211.95,7084.45,7132.00,139410310,0
NIFTY50TR2XLEV,20210113,8825.15,8840.60,8581.45,8735.25,-,0
NIFTY50PR2XLEV,20210113,6642.70,6654.30,6459.25,6575.00,-,0
NIFTY50TR1XINV,20210113,260.80,264.45,260.55,262.15,-,0
NIFTY50PR1XINV,20210113,300.45,304.65,300.20,302.00,-,0
NIFTY-GS-COMPSITE,20210113,2298.58,2300.72,2295.07,2295.07,-,0
NIFTY-GS-4-8YR,20210113,2401.23,2402.34,2396.77,2396.77,-,0
NIFTY-GS-8-13YR,20210113,2255.33,2257.27,2252.66,2252.66,-,0
NIFTY-GS-10YR,20210113,2027.49,2033.51,2027.49,2028.05,-,0
NIFTY-GS-10YR-CLN,20210113,963.31,966.19,963.31,963.57,-,0
NIFTY-GS-11-15YR,20210113,2437.06,2439.84,2433.01,2434.10,-,0
NIFTY-GS-15YRPLUS,20210113,2698.43,2698.43,2696.25,2696.25,-,0
VIX,20210113,22.85,24.05,22.37,23.29,0,0
