20MICRONS,20210302,37.45,37.6,36.85,36.95,63874
21STCENMGM,20210302,12,12.15,11.85,11.85,1345
3IINFOTECH,20210302,6.6,6.75,6.55,6.75,9360087
3MINDIA,20210302,24499.95,25199.9,24145.3,25068.65,9923
3PLAND,20210302,9.4,9.85,9.15,9.55,9385
5PAISA,20210302,263.75,270.6,260,267.65,45906
63MOONS,20210302,81,81.85,79.5,80.15,49044
A2ZINFRA,20210302,4.15,4.25,4.15,4.15,401022
AAKASH,20210302,127.9,127.9,126.5,127.9,9223
AARON,20210302,59.5,62,58.25,58.95,2259
AARTIDRUGS,20210302,635.4,651,635,645.8,403170
AARTIIND,20210302,1288,1309.35,1275.6,1293.05,594403
AARTISURF,20210302,933.95,933.95,905,924.7,12205
AARVEEDEN,20210302,18.9,18.9,17.85,18.15,11675
AARVI,20210302,52.3,53.55,52,52.6,13045
AAVAS,20210302,2279.95,2299,2214.35,2258.8,90826
ABAN,20210302,38.35,38.95,36.45,36.5,401608
ABB,20210302,1526.4,1549,1509,1521,56964
ABBOTINDIA,20210302,14550,14685.75,14450,14531.6,8953
ABCAPITAL,20210302,130.1,130.1,125.4,126.75,3588936
ABFRL,20210302,195,208.7,195,206.15,9727547
ABMINTLTD,20210302,76.35,76.35,76.35,76.35,1856
ABSLBANETF,20210302,350,353,347.95,351,197
ABSLNN50ET,20210302,350.1,365,348.12,354.26,451
ACC,20210302,1779,1812.95,1760.05,1771.8,824150
ACCELYA,20210302,900.9,907.85,888,897.35,4744
ACCURACY,20210302,64.7,66.55,63.75,63.9,14231
ACE,20210302,156.95,159,155,155.8,164635
ACRYSIL,20210302,338.55,338.55,325.15,338.55,147309
ADANIENT,20210302,857.4,876.5,852.25,872.55,5116413
ADANIGREEN,20210302,1155,1175,1134,1164.85,521226
ADANIPORTS,20210302,697.6,724.7,696,720.5,11486477
ADANIPOWER,20210302,56.25,61.3,56.1,61.3,33280011
ADANITRANS,20210302,763,797.4,753.55,781.05,762353
ADFFOODS,20210302,824.95,880.65,824.5,874.8,62662
ADHUNIKIND,20210302,21.7,21.7,20.5,20.95,38141
ADL,20210302,30,31.85,29.7,31.55,1076
ADORWELD,20210302,313.75,330.3,311.85,317.1,73508
ADROITINFO,20210302,9,9.1,9,9.1,4868
ADSL,20210302,42.7,42.7,39.5,41.1,228882
ADVANIHOTR,20210302,53.45,53.5,51.2,52.1,8895
ADVENZYMES,20210302,348.95,359,348.95,354.05,195177
AEGISCHEM,20210302,325,329.65,319.15,323.6,386479
AFFLE,20210302,5445,5618,5300,5618,94132
AGARIND,20210302,153.95,157.7,152.1,156.3,5953
AGCNET,20210302,1001,1004.25,985.3,1002.85,5102
AGRITECH,20210302,35.1,35.55,34.15,34.55,6177
AGROPHOS,20210302,13.15,13.15,12.75,12.8,52909
AHLADA,20210302,86.95,91.75,86.8,91.75,14612
AHLEAST,20210302,167.45,169,163.15,165.65,4059
AHLUCONT,20210302,297.7,299.75,288,289.3,14437
AHLWEST,20210302,245.2,245.2,236.1,239.3,1275
AIAENG,20210302,1808,1823.9,1791.55,1819.25,38165
AIRAN,20210302,18.5,18.75,18.05,18.2,19715
AJANTPHARM,20210302,1761.95,1761.95,1721,1754.65,67069
AJMERA,20210302,128.7,133.4,128,131.55,118877
AKASH,20210302,237,237,228.1,229.8,50579
AKG,20210302,93.05,94.7,93.05,94.45,45385
AKSHARCHEM,20210302,240.9,259,240.1,257.2,46572
AKSHOPTFBR,20210302,6.9,7,6.85,6.9,289677
AKZOINDIA,20210302,2168.25,2219.85,2150.05,2208.4,26115
ALANKIT,20210302,16,16.25,15.85,15.95,93354
ALBERTDAVD,20210302,402.5,406,400.8,402.3,8512
ALEMBICLTD,20210302,102,103,101.35,101.95,239887
ALICON,20210302,440,476.3,431,462.9,33239
ALKALI,20210302,51.45,52,50.45,50.75,20442
ALKEM,20210302,2831,2961,2821.05,2914.65,189764
ALKYLAMINE,20210302,5124.4,5345,5105.1,5278.4,69320
ALLCARGO,20210302,129,130,128,128.3,237743
ALLSEC,20210302,346.5,348.4,342.9,345.45,5111
ALMONDZ,20210302,28.15,28.3,27.3,27.5,5410
ALOKINDS,20210302,19.75,19.8,19.65,19.65,5837375
ALPA,20210302,41.65,41.65,40.2,41,52059
ALPHAGEO,20210302,224.35,225,219.05,219.85,14344
ALPSINDUS,20210302,1.7,1.75,1.65,1.75,18301
AMARAJABAT,20210302,904.95,910.7,895.7,908.25,745895
AMBER,20210302,3232,3248.95,3162,3207.35,64002
AMBIKCO,20210302,999.95,1004.95,985,986,20555
AMBUJACEM,20210302,278.9,283.4,277.1,278.8,4657410
AMDIND,20210302,25.6,27.5,24.9,25.45,187599
AMJLAND,20210302,25.9,27,25.55,26.7,39982
AMRUTANJAN,20210302,550,556.75,525,535.25,63465
ANANTRAJ,20210302,52,53.8,50.25,51.55,1308860
ANDHRACEMT,20210302,5.55,5.65,5.5,5.55,234676
ANDHRAPAP,20210302,265,272,256,268.5,278621
ANDHRSUGAR,20210302,305.5,316.9,302.85,310.2,119052
ANGELBRKG,20210302,329.9,330.85,323.4,324.2,54875
ANIKINDS,20210302,17.15,17.25,16.5,16.85,13521
ANKITMETAL,20210302,1.2,1.2,1.1,1.2,66938
ANSALAPI,20210302,7.65,8.25,7.65,8.25,304649
ANSALHSG,20210302,6.15,6.25,5.9,6.15,153124
ANUP,20210302,640,653.65,638.05,651.05,99310
APARINDS,20210302,477.4,479.95,460,463.6,53705
APCL,20210302,214,215.65,207.5,209.6,35809
APCOTEXIND,20210302,184.8,185.75,180.05,181.3,110052
APEX,20210302,242.8,250,241.25,246.4,59725
APLAPOLLO,20210302,1116,1167,1110,1157.4,697954
APLLTD,20210302,928.9,940,922.75,935.25,271111
APOLLO,20210302,111.6,114.85,110.95,113.95,230201
APOLLOHOSP,20210302,3105.5,3152,3067.4,3087.3,944553
APOLLOPIPE,20210302,723.1,730.95,711.9,726.8,37186
APOLLOTYRE,20210302,247,247.85,242.05,246.35,7076813
APOLSINHOT,20210302,543,556.95,542,553.75,1273
APTECHT,20210302,231.25,233.95,224.15,225.25,365755
ARCHIDPLY,20210302,36.65,36.7,35.05,36.5,10954
ARCHIES,20210302,11.8,12.2,11.5,12.1,66514
ARENTERP,20210302,11.4,12.2,11.15,11.15,11741
ARIES,20210302,98,100.1,94.85,96,84428
ARIHANT,20210302,23.85,23.85,22.55,22.6,2437
ARIHANTSUP,20210302,38.15,41.35,38.15,38.95,34385
ARMANFIN,20210302,599.75,615.6,592.9,613.6,26675
AROGRANITE,20210302,47.15,51.95,46.8,51.2,406674
ARROWGREEN,20210302,78.95,82.45,76,76.2,12481
ARSHIYA,20210302,37.85,37.85,37.85,37.85,35100
ARSSINFRA,20210302,24.8,24.85,23.5,23.95,31177
ARTEMISMED,20210302,232.9,233,226.3,231.15,1993
ARVIND,20210302,79.5,79.95,76.85,77.55,955941
ARVINDFASN,20210302,160.95,160.95,157.5,158.55,196291
ARVSMART,20210302,100.1,102.15,99.8,100.3,154826
ASAHIINDIA,20210302,292,295,291,294.35,24116
ASAHISONG,20210302,284.85,289,279,281.6,14321
ASAL,20210302,38.1,38.1,37.4,38.1,8452
ASALCBR,20210302,357,357.5,349.1,356.5,51736
ASHAPURMIN,20210302,117.35,118.95,116,116.75,137695
ASHIANA,20210302,119,121,115.65,119.9,129586
ASHIMASYN,20210302,15.7,16.6,15.3,16.05,354904
ASHOKA,20210302,112.8,113.45,110.2,110.7,1097255
ASHOKLEY,20210302,130.75,133.95,128.7,132.55,26856241
ASIANHOTNR,20210302,71.9,72.9,70.55,71.8,6327
ASIANPAINT,20210302,2386,2402.55,2359,2390.4,2033586
ASIANTILES,20210302,193,194.7,187.7,190.55,285252
ASPINWALL,20210302,163.7,171.95,163.45,164.8,2888
ASTEC,20210302,1045,1107.25,1040.45,1058.65,48498
ASTERDM,20210302,144.5,145.8,142.25,144.25,148677
ASTRAL,20210302,2220.45,2220.45,2175.1,2195.4,91370
ASTRAMICRO,20210302,123.7,124.9,118.5,121.55,1032190
ASTRAZEN,20210302,3472,3493.85,3441,3470.15,24051
ASTRON,20210302,44.95,46.65,43.4,44.95,180759
ATFL,20210302,805.55,837,805.55,822.45,7216
ATGL,20210302,530,584.45,528.05,574.3,3268799
ATLANTA,20210302,8.15,8.4,8.05,8.2,29846
ATUL,20210302,6620,6640.05,6519.6,6623.7,16911
ATULAUTO,20210302,210,215.95,205.4,206.65,469694
AUBANK,20210302,1159.9,1175,1141.6,1151.5,410197
AURIONPRO,20210302,80.8,82.5,80.2,80.65,17553
AUROPHARMA,20210302,885,889,868.75,885.9,2231920
AUSOMENT,20210302,49.15,52.1,49.1,51.5,18350
AUTOAXLES,20210302,1172.05,1213,1172.05,1210.7,14014
AUTOIND,20210302,31.85,33.4,31.85,33.4,32190
AVADHSUGAR,20210302,195,204,194,199.7,189234
AVANTIFEED,20210302,488,488.85,480.2,484.85,163894
AVTNPL,20210302,45.15,46,44.7,45.75,134799
AWHCL,20210302,303,304.5,299,300.35,130795
AXISBANK,20210302,730.45,740.5,722,731.25,14503453
AXISBNKETF,20210302,354,356,349.58,355.61,720
AXISCADES,20210302,49.95,49.95,46.45,46.7,138135
AXISGOLD,20210302,39.9,39.9,39.4,39.58,438777
AXISNIFTY,20210302,153.01,159.2,153.01,155.16,8578
AYMSYNTEX,20210302,52.9,52.9,48.9,49.05,42848
BAFNAPH,20210302,125.95,126,119.1,120.4,1981
BAGFILMS,20210302,2.8,2.8,2.6,2.7,142807
BAJAJ-AUTO,20210302,3822,3962.15,3781.5,3944.05,735847
BAJAJCON,20210302,247.9,248.7,245.5,248.1,281246
BAJAJELEC,20210302,997.8,1025,990.45,999.15,209964
BAJAJFINSV,20210302,9850,9965,9779.1,9877,297001
BAJAJHIND,20210302,6.4,6.6,6.35,6.5,5796539
BAJAJHLDNG,20210302,3598,3695.5,3595,3684.15,23336
BAJFINANCE,20210302,5300,5410,5262.05,5316.3,2208634
BALAJITELE,20210302,60.85,61.4,59.65,59.9,228463
BALAMINES,20210302,1696.95,1905.55,1696.95,1867.3,689744
BALAXI,20210302,595.85,595.85,595.85,595.85,962
BALKRISHNA,20210302,18,19.8,18,19.6,15815
BALKRISIND,20210302,1600,1630,1580.05,1627.55,748113
BALMLAWRIE,20210302,128.1,133.4,127.15,128.85,2179283
BALPHARMA,20210302,53.8,55.8,53,53.35,32471
BALRAMCHIN,20210302,182.2,193.3,181.55,189.1,5405774
BANARBEADS,20210302,58.9,58.9,55.5,55.85,20100
BANARISUG,20210302,1799,1838,1775.6,1798.2,2571
BANCOINDIA,20210302,155.4,159.5,154,156.45,179478
BANDHANBNK,20210302,341.5,347.3,338,345.2,4929532
BANG,20210302,27.45,31.65,26.3,30.3,40528
BANKA,20210302,77.75,77.75,75.25,75.85,2518
BANKBARODA,20210302,84,85.25,83.05,83.3,39147694
BANKBEES,20210302,355.15,358.93,350,355.42,805201
BANKINDIA,20210302,81.4,82.6,80.1,80.4,4179426
BANSWRAS,20210302,120.05,124.45,116.3,122.2,16681
BASF,20210302,1919,2195.1,1910.15,2105.05,292271
BASML,20210302,67.5,68.7,66.6,67.2,24777
BATAINDIA,20210302,1479.9,1500,1467.05,1494.95,452175
BAYERCROP,20210302,5119,5149.5,5050,5079.5,13464
BBL,20210302,1137.05,1210,1120.35,1136.85,39689
BBTC,20210302,1167.4,1235,1151.55,1194.5,144567
BCG,20210302,7.95,8.2,7.85,7.9,3765219
BCP,20210302,5.35,5.35,4.85,4.85,1760713
BDL,20210302,372,385,370.1,383.8,1865974
BEARDSELL,20210302,9.65,10,9.25,10,8037
BECTORFOOD,20210302,395,400.45,393.05,395.3,407258
BEDMUTHA,20210302,23.8,24.25,22.85,23.6,12928
BEL,20210302,147.95,153.55,146.5,151.5,35563722
BEML,20210302,1175,1245,1162,1227.75,1640591
BEPL,20210302,139.95,144.65,137.7,142.7,1036274
BERGEPAINT,20210302,724.8,725,703.3,713.3,1230175
BESTAGRO,20210302,513.5,513.5,411.25,419.1,11385
BFINVEST,20210302,284,305.5,283.8,300.9,147441
BFUTILITIE,20210302,286.95,309.9,284.5,296.8,1551479
BGRENERGY,20210302,46.75,47.7,45.45,46.25,269797
BHAGERIA,20210302,169.25,172.3,167.1,171.05,35347
BHAGYANGR,20210302,51.1,51.1,51.1,51.1,67948
BHAGYAPROP,20210302,28.8,28.8,28.2,28.55,34006
BHANDARI,20210302,2.75,2.9,2.75,2.75,151006
BHARATFORG,20210302,624.9,647.15,616.65,636.65,3305660
BHARATGEAR,20210302,78.2,79,77.3,78.25,12742
BHARATRAS,20210302,10498.45,10580,10302.85,10451.65,6500
BHARATWIRE,20210302,42.9,43.7,41.8,43.45,15078
BHARTIARTL,20210302,540.5,544,528.85,541.2,30058411
BHEL,20210302,49.4,52.2,49.25,51.75,152393453
BIGBLOC,20210302,144.15,147,144.1,146.85,68737
BIL,20210302,148.1,157.65,148.1,152.7,9437
BINDALAGRO,20210302,20.75,21.25,19.75,20,393013
BIOCON,20210302,397.8,399.9,392.1,398,2769928
BIOFILCHEM,20210302,94.95,94.95,94.95,94.95,19551
BIRLACABLE,20210302,61,61.8,59.8,60.5,80388
BIRLACORPN,20210302,868.8,874,852.95,864.35,89446
BIRLAMONEY,20210302,44.25,48.45,43.6,46.75,1148642
BIRLATYRE,20210302,28.85,29.2,28.6,28.7,296237
BKMINDST,20210302,1.05,1.05,1,1.05,129901
BLBLIMITED,20210302,5.8,6.1,5.8,6.1,117766
BLISSGVS,20210302,174.4,174.95,170.6,171.7,472277
BLKASHYAP,20210302,14.7,15,14.25,14.45,616835
BLS,20210302,107.7,107.7,101.8,102.95,143560
BLUEDART,20210302,4664,4749,4631.15,4672.1,14741
BLUESTARCO,20210302,887,929.8,876.55,907.05,317429
BODALCHEM,20210302,84.7,92.55,83.25,91.45,9190358
BOMDYEING,20210302,77,83.2,75.8,80,11461069
BOROLTD,20210302,186.7,188.35,185.1,186.75,90558
BORORENEW,20210302,285,290.5,279,281.5,349187
BOSCHLTD,20210302,15250,15500,15200,15449.9,39280
BPCL,20210302,474.5,482.4,462,469,26600333
BPL,20210302,21.6,23.1,20.75,23.1,197060
BRFL,20210302,9,9.45,9,9.45,147516
BRIGADE,20210302,294.65,299.65,291.7,295.95,206673
BRITANNIA,20210302,3411.8,3450,3395,3447.95,383968
BRNL,20210302,33.25,33.45,32.55,33,44467
BROOKS,20210302,59.95,60.3,58.25,58.95,18114
BSE,20210302,582.35,593,582.35,587,380127
BSELINFRA,20210302,1,1,0.95,1,19851
BSHSL,20210302,139.9,139.9,134.1,135.5,2648
BSL,20210302,32,32,31.05,31.5,5278
BSLGOLDETF,20210302,4225,4225,4141.1,4157,968
BSLNIFTY,20210302,160.35,164.1,160.35,163.64,45
BSOFT,20210302,228,239.2,225.85,237.15,1040771
BURGERKING,20210302,142.4,144.2,140.5,141.2,1434131
BURNPUR,20210302,2.75,2.75,2.65,2.65,154222
BUTTERFLY,20210302,559,570,548,553.15,76270
BVCL,20210302,18,18.1,17.3,17.75,12234
BYKE,20210302,20.25,21.3,19.9,20.35,79404
CADILAHC,20210302,437.35,442.5,434.9,441.2,1306991
CALSOFT,20210302,9.75,9.85,9,9.8,94322
CAMLINFINE,20210302,143.8,148.5,141,143.65,1776168
CAMS,20210302,1860,1916,1859.7,1896.5,138265
CANBK,20210302,157.9,162.2,156.9,158.75,17816299
CANFINHOME,20210302,478.9,487.6,467.95,469.1,418073
CANTABIL,20210302,390,390,377.6,380.1,147236
CAPACITE,20210302,206.7,208.9,200.85,202.25,89929
CAPLIPOINT,20210302,470,471.4,457.1,464.9,93744
CAPTRUST,20210302,102,103,95.85,96.9,18401
CARBORUNIV,20210302,532,539,515.6,521.6,118241
CAREERP,20210302,151.05,154.9,148.5,150,23913
CARERATING,20210302,472,476.2,466,469.7,76935
CASTROLIND,20210302,137.2,139.8,135.5,138,2983733
CCCL,20210302,0.45,0.45,0.4,0.4,29572
CCHHL,20210302,5.05,5.1,4.8,4.95,40657
CCL,20210302,233.7,247,233.05,244.45,278942
CDSL,20210302,632,632,610,613.85,839092
CEATLTD,20210302,1611.15,1654.35,1610.1,1644.2,261633
CEBBCO,20210302,21.1,21.1,20.2,20.7,52626
CELEBRITY,20210302,7.75,7.75,7.05,7.05,80921
CENTENKA,20210302,253.85,262.25,253.85,261.05,80152
CENTEXT,20210302,4.65,4.85,4.5,4.75,237379
CENTRALBK,20210302,18.75,18.85,17.9,18.05,12277158
CENTRUM,20210302,24.35,25.2,24.2,24.6,3388493
CENTUM,20210302,439,445,433.3,437,3632
CENTURYPLY,20210302,309,324,304,314.9,385906
CENTURYTEX,20210302,490.5,528.35,486.5,519.7,1203067
CERA,20210302,4095,4200,4000,4090.15,17620
CEREBRAINT,20210302,53.8,54.5,52.6,53.5,100345
CESC,20210302,630,630,618.7,619.9,1006019
CGCL,20210302,368,372.7,356.25,359.3,86219
CGPOWER,20210302,57.95,58,56.85,57.5,2112674
CHALET,20210302,169.7,171.45,168.1,169.45,108890
CHAMBLFERT,20210302,260,261.95,245.4,247.55,1306057
CHEMBOND,20210302,181.4,184,178.5,183.5,26689
CHEMCON,20210302,438.5,442,433,434.15,183481
CHEMFAB,20210302,129.95,135.5,129,132.45,27760
CHENNPETRO,20210302,107,114.35,106.7,109.95,3063492
CHOLAFIN,20210302,527.8,539.95,523.8,538.55,3164565
CHOLAHLDNG,20210302,605.45,611.05,592.55,601.15,48595
CIGNITITEC,20210302,351,354,342.5,347.1,24476
CINELINE,20210302,39,39,38.3,38.7,42071
CINEVISTA,20210302,6.2,6.5,6.2,6.35,11354
CIPLA,20210302,792.6,815,790.8,811.8,4275166
CLEDUCATE,20210302,69.45,69.45,68.05,68.7,6258
CLNINDIA,20210302,395,397.7,391.25,395.25,51288
CMICABLES,20210302,56.5,60,56.25,59.6,83510
CNOVAPETRO,20210302,15.45,15.45,15.45,15.45,2469
COALINDIA,20210302,154.35,156.15,152.5,153.4,17565134
COCHINSHIP,20210302,390,426.5,388,409.55,4254850
COFORGE,20210302,2533.25,2619,2521.05,2601.3,286315
COLPAL,20210302,1585.1,1605.5,1583.55,1602.15,392377
COMPINFO,20210302,19.7,21.4,18.8,20.45,3136725
COMPUSOFT,20210302,8.6,8.9,8.4,8.65,43693
CONCOR,20210302,571.95,582,568.6,572.3,2410011
CONFIPET,20210302,44.85,44.9,43.55,43.85,314720
CONSOFINVT,20210302,43.15,45.05,42.55,44.7,11080
CONTROLPR,20210302,232,233.55,226.1,231.6,13904
CORALFINAC,20210302,23.55,24.05,23.1,23.3,9075
CORDSCABLE,20210302,41.9,43.6,41.9,42.8,46152
COROMANDEL,20210302,789.2,791.8,775.25,782.15,248205
COSMOFILMS,20210302,530,594,530,585.65,628162
COUNCODOS,20210302,2.35,2.55,2.35,2.55,92870
CPSEETF,20210302,24.25,24.52,24.11,24.25,5853104
CREATIVE,20210302,107.7,121.8,88.35,108,22984
CREDITACC,20210302,712,740,709,718.85,213148
CREST,20210302,95.5,95.5,90.2,90.95,2444
CRISIL,20210302,1940,1945.75,1915,1922.6,31008
CROMPTON,20210302,387.2,390.3,382.3,387.4,2417485
CSBBANK,20210302,227,228.85,224,227,211031
CTE,20210302,32.4,32.9,31.65,32.35,7902
CUB,20210302,170.85,179.25,169.55,175.6,6863895
CUBEXTUB,20210302,23.9,23.9,23.9,23.9,16438
CUMMINSIND,20210302,803.6,826.85,803.6,818.45,1561606
CUPID,20210302,211.55,214.5,209,212.45,61138
CYBERMEDIA,20210302,16.05,16.05,16.05,16.05,501
CYBERTECH,20210302,125.1,132.5,125,128.65,231783
CYIENT,20210302,653.8,664.2,645.5,650.95,477470
DAAWAT,20210302,52.6,58.2,52.35,57.25,6464859
DABUR,20210302,507.4,512.5,504.8,511.25,1420334
DALBHARAT,20210302,1489.9,1510,1460.3,1493,346970
DALMIASUG,20210302,167.7,173.7,167,171.35,606570
DAMODARIND,20210302,32.9,34.2,32.35,33.2,19578
DANGEE,20210302,133.9,133.9,128.75,130.25,25937
DATAMATICS,20210302,111.3,112.15,109.5,110.7,102046
DBCORP,20210302,101,104.9,100.5,101.45,494207
DBL,20210302,702.9,710.8,660,672.6,532811
DBREALTY,20210302,31,31,28.1,31,2022935
DBSTOCKBRO,20210302,9.8,9.8,9.05,9.55,5990
DCAL,20210302,119,120.4,118.25,118.6,209314
DCBBANK,20210302,116.6,117,114,114.45,833614
DCM,20210302,28,28.35,27.2,27.35,26753
DCMFINSERV,20210302,1.55,1.6,1.55,1.6,6365
DCMNVL,20210302,68.45,72.1,68,72.1,44147
DCMSHRIRAM,20210302,461.1,505.8,461.1,496.15,360447
DCW,20210302,29.3,30.75,28.7,29.35,6618023
DECCANCE,20210302,421.9,427.7,417.9,422.8,67093
DEEPAKFERT,20210302,212,212,197.5,205.05,3524372
DEEPAKNTR,20210302,1585,1663.15,1517.15,1607.85,3111655
DEEPENR,20210302,41.75,41.75,40,40.25,38868
DELTACORP,20210302,150.45,159.8,150,157.85,5068188
DELTAMAGNT,20210302,30.95,32.3,30.8,32.3,14339
DEN,20210302,60.9,60.9,58.15,58.45,762063
DENORA,20210302,261.7,265,258.9,261.2,6901
DFMFOODS,20210302,382,388,375.1,379,65961
DGCONTENT,20210302,8.95,9.8,8.95,8.95,138376
DHAMPURSUG,20210302,181.35,189.5,179,185.2,1692742
DHANBANK,20210302,15,15.65,14.8,15.4,3696331
DHANI,20210302,359.65,363.95,346.45,349,904516
DHANUKA,20210302,738,740,727,729.25,24618
DHARSUGAR,20210302,6,6,5.55,5.85,37719
DHFL,20210302,21.75,21.75,20.75,21.75,4338402
DHUNINV,20210302,293.8,293.8,282.2,284.85,3155
DIAMONDYD,20210302,710,710,667.05,677.35,24432
DICIND,20210302,410,414.5,408,411,11562
DIGISPICE,20210302,109.25,109.25,109.25,109.25,75404
DISHTV,20210302,11.45,11.55,11.25,11.4,4840579
DIVISLAB,20210302,3470,3521.95,3455.5,3516.9,724413
DIXON,20210302,19640,19798.75,18800,18864.4,42441
DLF,20210302,309.7,314.95,307.55,313.6,8429333
DLINKINDIA,20210302,112.05,114.3,111.7,113,195497
DMART,20210302,2908.45,3106,2885.5,3073.5,721426
DOLAT,20210302,52.9,53.35,52.4,53.05,91739
DOLLAR,20210302,258.65,262.75,251.35,253.75,32850
DONEAR,20210302,33.5,34.4,33,33.35,65456
DPABHUSHAN,20210302,133.95,133.95,120,124,7542
DPSCLTD,20210302,13.45,13.45,12.85,12.95,63083
DPWIRES,20210302,116,124,114,118.95,63658
DREDGECORP,20210302,418.6,457.95,416.7,434,1823100
DRREDDY,20210302,4473.4,4479.9,4390.15,4404.7,1837678
DSSL,20210302,65,66,63.1,64.6,19373
DTIL,20210302,295,295,280.15,283.1,3285
DUCON,20210302,6.85,6.85,6.45,6.45,72112
DVL,20210302,99.45,100,96.45,96.85,23324
DWARKESH,20210302,31.6,32.95,31.5,32,4074549
DYNAMATECH,20210302,931,936.75,924.4,929.95,19381
DYNPRO,20210302,465,465,436,451.15,84840
EBBETF0423,20210302,1106.58,1107.99,1106.51,1106.51,2194
EBBETF0425,20210302,1017,1018,1012.5,1013.86,19143
EBBETF0430,20210302,1111.55,1114.91,1111.5,1112.09,8443
EBBETF0431,20210302,995.21,999.98,995.14,998.1,12734
EBIXFOREX,20210302,444,532.25,440.15,525.2,108933
ECLERX,20210302,944.4,970,939.2,959.9,36277
EDELWEISS,20210302,69.9,70.65,67.3,69.45,3302141
EICHERMOT,20210302,2584,2611,2530,2602.3,1491743
EIDPARRY,20210302,339,341,331.3,338.6,283451
EIHAHOTELS,20210302,269.15,284,267.65,279.1,7637
EIHOTEL,20210302,97.1,97.5,96.45,97.05,271115
EIMCOELECO,20210302,346.75,349,346.75,347,1647
EKC,20210302,77.65,78,72.2,73.3,1143585
ELECON,20210302,55.75,58.85,53.55,54.85,532142
ELECTCAST,20210302,25.3,27,25.15,26.7,2105930
ELECTHERM,20210302,119.9,124.5,118,120.4,41853
ELGIEQUIP,20210302,186.9,186.9,181,182.35,147403
ELGIRUBCO,20210302,27.45,28.4,27.45,28.1,22772
EMAMILTD,20210302,462.3,467.95,445,448.2,803799
EMAMIPAP,20210302,95.15,104,94.6,100.6,57389
EMAMIREAL,20210302,48.9,50,47.1,49.9,47665
EMKAY,20210302,71.9,74.3,69.6,72,41583
EMMBI,20210302,83.85,83.85,81.05,81.4,21898
ENDURANCE,20210302,1415,1420,1385.5,1406.8,56145
ENERGYDEV,20210302,10.1,10.15,9.65,10,27460
ENGINERSIN,20210302,88,91.3,85.5,87.1,22663403
ENIL,20210302,163.85,164.7,160.8,162.55,32438
EPL,20210302,220.6,224.65,220.25,223.95,977934
EQ30,20210302,416.85,416.85,416.85,416.85,14
EQUITAS,20210302,89.1,93,89.1,90.55,4144568
EQUITASBNK,20210302,49.95,50.5,49.2,49.4,803337
ERIS,20210302,597,597.25,586.3,590.05,117431
EROSMEDIA,20210302,29.25,31.6,29.2,31.6,1765403
ESABINDIA,20210302,1903.35,1930.95,1884.15,1893.55,8558
ESCORTS,20210302,1300,1315,1283.2,1311.45,1063304
ESSARSHPNG,20210302,9.3,9.9,8.8,9.35,236894
ESTER,20210302,106.1,116.65,104.8,115.1,815309
EVEREADY,20210302,309.05,312.9,290.85,294.6,678368
EVERESTIND,20210302,313.4,316.35,306.75,311.95,38365
EXCEL,20210302,2.85,2.85,2.7,2.85,41753
EXCELINDUS,20210302,867,870,848,861.65,12499
EXIDEIND,20210302,207.5,210.7,206.8,208.75,4100709
EXPLEOSOL,20210302,511.1,516.55,501,504.15,10965
FACT,20210302,107.15,114.8,97.3,100.05,5594275
FAIRCHEMOR,20210302,624.35,674,620.75,650.7,28270
FCL,20210302,69.9,71.2,65.05,67.15,454196
FCONSUMER,20210302,8,8.05,7.9,7.95,2264687
FCSSOFT,20210302,0.75,0.8,0.75,0.8,2044747
FDC,20210302,281,286.35,279.1,282.05,200786
FEDERALBNK,20210302,83.5,84.75,82.05,83.3,17089278
FEL,20210302,10.15,10.35,10,10.05,737395
FELDVR,20210302,13.85,14,13.4,13.7,26298
FIEMIND,20210302,547.4,559,544.6,550.8,21077
FILATEX,20210302,68.7,68.7,67.05,67.95,397470
FINCABLES,20210302,394.65,405,393.2,395.3,198185
FINEORG,20210302,2345.9,2379.2,2327.1,2360.05,65174
FINPIPE,20210302,623.05,640,623.05,634.95,122778
FLEXITUFF,20210302,26.45,26.45,23.95,23.95,13719
FLFL,20210302,78.95,79,77.85,78,215407
FLUOROCHEM,20210302,579.4,583.35,566.5,572.75,12080
FMGOETZE,20210302,305,313.2,304.25,307.2,20069
FMNL,20210302,17.7,17.85,17.5,17.65,37900
FORCEMOT,20210302,1328.4,1328.4,1292.4,1311.55,22653
FORTIS,20210302,172.5,179.9,169.55,175.55,4919780
FOSECOIND,20210302,1219.65,1245,1219.65,1229.1,924
FRETAIL,20210302,69.4,70,69,69.1,2233424
FSC,20210302,92.95,93.35,91.05,91.85,107281
FSL,20210302,100.25,102.9,99.9,101,3118919
G5,20210302,47.1,47.1,47.08,47.08,599
GABRIEL,20210302,117,122,116.55,119.5,677699
GAEL,20210302,132.9,136.7,128,134.55,443107
GAIL,20210302,145.45,146.9,143.6,144.8,16832869
GAL,20210302,2.5,2.55,2.35,2.45,55889
GALAXYSURF,20210302,2370,2436,2305,2328.8,76304
GALLANTT,20210302,51.5,51.5,49.2,49.4,58455
GALLISPAT,20210302,41.3,41.3,38.9,39.45,43822
GAMMNINFRA,20210302,0.8,0.8,0.75,0.8,4178433
GANDHITUBE,20210302,265.85,293.25,264,281.9,26393
GANECOS,20210302,628,635.9,613.05,617.3,30152
GANESHHOUC,20210302,60,61.7,56,60.55,190481
GANGESSECU,20210302,63,64.5,61.75,63.6,4134
GARFIBRES,20210302,2648,2679,2540,2570.1,24025
GATI,20210302,94.3,98.85,94.15,95.3,1308454
GAYAHWS,20210302,0.65,0.75,0.65,0.7,736028
GAYAPROJ,20210302,39.25,40.4,38.85,39.25,351822
GBGLOBAL,20210302,6.8,7,6.8,7,2359
GDL,20210302,175.7,182.2,175.05,178.2,117801
GEECEE,20210302,101.5,108,100.85,105.7,72263
GEEKAYWIRE,20210302,83.9,83.9,78.05,80,17185
GENCON,20210302,58,60.9,54.5,59.15,14274
GENESYS,20210302,85.45,88.1,80.5,87.7,14351
GENUSPAPER,20210302,7.15,7.75,6.95,7.75,992274
GENUSPOWER,20210302,37.45,44.85,37.4,44.75,2918343
GEOJITFSL,20210302,52,52.85,50.8,51.35,297499
GEPIL,20210302,279.95,291.65,276.35,287.75,259838
GESHIP,20210302,309.5,339.5,308.35,334.25,1446107
GET&D,20210302,133,138,132,135.95,363809
GFLLIMITED,20210302,94.5,96.75,92.1,93.3,135686
GFSTEELS,20210302,2.1,2.1,2.1,2.1,1435
GHCL,20210302,220.5,235.95,219,232.7,891481
GICHSGFIN,20210302,136,139.05,135.25,136.15,257531
GICRE,20210302,198,204.65,197,202,990016
GILLANDERS,20210302,44,44.15,42.75,44.15,19105
GILLETTE,20210302,5589,5594,5509.4,5584.35,6265
GINNIFILA,20210302,18.75,19.15,18.65,18.75,67228
GIPCL,20210302,80.75,84.8,80.6,81.95,1827344
GISOLUTION,20210302,2.3,2.3,2.3,2.3,1711
GKWLIMITED,20210302,503.95,517.75,502.85,511.6,1763
GLAND,20210302,2361,2390.9,2308.55,2349.85,107872
GLAXO,20210302,1464.55,1479,1459,1469.85,22952
GLENMARK,20210302,469,482.35,467.55,476,1608803
GLFL,20210302,3.5,3.5,3.2,3.2,28589
GLOBAL,20210302,51,51,47.8,50.65,2381
GLOBE,20210302,59,59,55,59,38
GLOBOFFS,20210302,9.95,9.95,9.05,9.05,63835
GLOBUSSPR,20210302,335.95,350.9,333.05,337.9,372130
GMBREW,20210302,423.55,434.7,411.65,425.8,43880
GMDCLTD,20210302,64.6,65.7,62.85,63.85,2915552
GMMPFAUDLR,20210302,4344,4358.8,4176.15,4199.9,47659
GMRINFRA,20210302,26.25,28.1,26.1,27.6,56697792
GNA,20210302,390.4,397.9,386.25,389.95,81763
GNFC,20210302,336,339.7,316.2,324.9,3725021
GOACARBON,20210302,329.45,332,323,325.6,37976
GOCLCORP,20210302,243.5,246.05,241.1,243.05,9419
GODFRYPHLP,20210302,905,909.2,903,905.2,26387
GODHA,20210302,42.7,45.65,38.1,40.45,1659
GODREJAGRO,20210302,483.85,494.65,481.4,492.85,169968
GODREJCP,20210302,690,696.3,680,691.95,1262750
GODREJIND,20210302,453.5,459.25,450.2,457.95,199285
GODREJPROP,20210302,1547.65,1555,1500.3,1508.45,571366
GOKEX,20210302,82.2,82.9,80.65,81.45,121527
GOKUL,20210302,19.25,19.25,18.65,18.75,28982
GOKULAGRO,20210302,22.3,22.5,21.75,22.2,66795
GOLDBEES,20210302,41.4,41.4,39.2,39.52,9700184
GOLDENTOBC,20210302,46.6,46.85,45.95,46.2,14564
GOLDIAM,20210302,356,356.75,338.75,342.75,52417
GOLDSHARE,20210302,4109.9,4124,4075.2,4087.2,8058
GOODLUCK,20210302,72.2,74,72.2,72.65,84126
GOODYEAR,20210302,977.95,984.9,967,976.15,16252
GPIL,20210302,589,597,580,583.1,73001
GPPL,20210302,98.95,114.4,98.95,109,5609320
GPTINFRA,20210302,41,42.9,41,42.65,40210
GRANULES,20210302,344.5,345.5,334.5,336.25,1997954
GRAPHITE,20210302,480,484.8,462.05,464.9,874239
GRASIM,20210302,1275,1298.5,1261,1294.75,1954073
GRAVITA,20210302,116,122.65,108.5,113.5,2451514
GREAVESCOT,20210302,141,141.5,134,136.5,2325566
GREENLAM,20210302,979,979,936.3,945.2,7216
GREENPANEL,20210302,179.9,185.3,178.1,180.5,139293
GREENPLY,20210302,185.9,204,185.9,190.65,1699603
GREENPOWER,20210302,2.1,2.25,2.1,2.25,1948911
GRINDWELL,20210302,920,933.75,886.1,912.95,70884
GROBTEA,20210302,1001.15,1030.85,997,1004.45,377
GRPLTD,20210302,807.05,819.95,796,817.3,817
GRSE,20210302,200.8,217.4,200,211,1664745
GSCLCEMENT,20210302,37.8,38.35,37.4,37.6,236893
GSFC,20210302,101.8,107.35,97.3,98.7,13132458
GSPL,20210302,252.45,263,250.35,259.55,996363
GSS,20210302,53.25,55,52.3,54.15,211243
GTL,20210302,6.8,6.8,6.55,6.7,202774
GTLINFRA,20210302,1,1,0.95,1,22925462
GTNIND,20210302,11.1,11.2,10.7,10.95,42228
GTNTEX,20210302,5.2,5.2,4.95,4.95,1100
GTPL,20210302,122.5,126,122.5,125.1,86874
GUFICBIO,20210302,120.7,121.35,118.15,119.15,175938
GUJALKALI,20210302,346.5,359,344.25,354.75,717220
GUJAPOLLO,20210302,220.8,220.8,212.85,216.1,3501
GUJGASLTD,20210302,566.7,566.7,525.3,531.95,2561230
GUJRAFFIA,20210302,83.35,83.35,75.45,75.45,42253
GULFOILLUB,20210302,772,772,740.2,760.1,18753
GULFPETRO,20210302,43.6,45.5,43.1,43.9,151353
GULPOLY,20210302,96,103.3,94,99.6,536543
HAL,20210302,1090,1119.8,1090,1106.7,454599
HAPPSTMNDS,20210302,527.5,538,524.5,530.25,1405831
HARITASEAT,20210302,772.55,778.4,758,765.1,19104
HARRMALAYA,20210302,141.3,148.35,140.95,144.2,551797
HATHWAY,20210302,31.45,31.85,30.6,30.85,623114
HATSUN,20210302,723.1,725.85,708.95,718.9,27646
HAVELLS,20210302,1120.95,1163.8,1118.05,1143.95,2632084
HAVISHA,20210302,0.85,0.85,0.75,0.8,102773
HBANKETF,20210302,383.6,383.6,349.75,353.33,3401
HBLPOWER,20210302,40.25,41.8,39.75,40.85,2170120
HBSL,20210302,15.6,15.6,15.6,15.6,6579
HCC,20210302,8.2,8.6,8.2,8.6,6582243
HCG,20210302,168,170.5,166.75,169.55,50799
HCL-INSYS,20210302,9.5,9.65,9.35,9.4,433242
HCLTECH,20210302,933.85,957.9,928.6,953.75,6715548
HDFC,20210302,2615,2615,2541.4,2564,4086134
HDFCAMC,20210302,2950,2954.95,2892.05,2934.1,190913
HDFCBANK,20210302,1575.7,1587.5,1551,1568.2,8055019
HDFCLIFE,20210302,714.95,727.8,706.25,720.8,2446910
HDFCMFGETF,20210302,40.98,40.98,40.3,40.65,1352293
HDFCNIFETF,20210302,158.5,158.69,156.01,157.72,9951
HDFCSENETF,20210302,588.9,588.9,525.2,538.2,5776
HEG,20210302,1451.8,1466,1421,1427.5,182688
HEIDELBERG,20210302,229.2,232,228,229.5,93974
HEMIPROP,20210302,174.95,176.4,170,171.25,351826
HERCULES,20210302,129.15,129.15,125.3,126.35,63739
HERITGFOOD,20210302,349,366.45,325.05,347.85,470552
HEROMOTOCO,20210302,3352,3490,3351.5,3476.4,1402320
HESTERBIO,20210302,1733.45,1770,1729.95,1743.3,5964
HEXATRADEX,20210302,71.75,74.65,68.05,74.35,134062
HFCL,20210302,29.35,29.8,28.75,28.85,8005292
HGINFRA,20210302,287.85,287.85,282.55,286.3,66865
HGS,20210302,1145,1164.8,1145,1155.15,10073
HIKAL,20210302,160.45,162,159.15,160.45,228143
HIL,20210302,3030,3067,2952.25,3010.85,22584
HILTON,20210302,10.9,10.9,10.2,10.3,15971
HIMATSEIDE,20210302,157.6,164.5,157.4,160.65,167228
HINDALCO,20210302,344.25,349.3,338.75,345.25,12878208
HINDCOMPOS,20210302,301.45,306.15,296.3,301.1,6062
HINDCOPPER,20210302,165.15,165.15,149.45,150.3,18749289
HINDMOTORS,20210302,7.7,8,7.4,7.55,140173
HINDNATGLS,20210302,26.95,26.95,25.75,25.9,41237
HINDOILEXP,20210302,99.1,104.5,98,99.3,1494569
HINDPETRO,20210302,252,257.9,248.1,250.1,8245587
HINDUNILVR,20210302,2162,2183.9,2140.55,2177.95,2095135
HINDZINC,20210302,302,322.9,301.7,315.3,4031034
HIRECT,20210302,141,141,136,137.85,22844
HISARMETAL,20210302,104.35,124.3,104.35,124.05,1024802
HITECH,20210302,342.45,345.15,332.45,340.7,165696
HITECHCORP,20210302,139.65,141.55,134,137.05,5294
HITECHGEAR,20210302,178.85,178.9,174.05,175.75,1259
HLEGLAS,20210302,2236,2269.65,2132.05,2209.8,11027
HLVLTD,20210302,5.85,5.95,5.75,5.9,167083
HMVL,20210302,73.15,74,69.5,70.55,88697
HNDFDS,20210302,2200.05,2276.2,2115,2176.55,21956
HNGSNGBEES,20210302,347.11,355.25,342.1,351.85,412
HOMEFIRST,20210302,533.95,539.05,524,536.15,298815
HONAUT,20210302,46599,46599,45550,45769.65,8210
HONDAPOWER,20210302,1111.05,1126.95,1092,1104.75,16365
HOTELRUGBY,20210302,1.2,1.2,1.2,1.2,405
HOVS,20210302,38.65,41.5,38.65,40.5,10888
HPL,20210302,46.5,46.75,44.6,45.3,925495
HSCL,20210302,45.85,49.45,43.75,47.85,49010209
HSIL,20210302,174.75,178.95,171,172.75,198174
HTMEDIA,20210302,26.25,27.2,25.25,25.8,285907
HUBTOWN,20210302,16.05,16.95,15.7,16.95,27661
HUDCO,20210302,54.5,54.9,51.6,52.7,10579400
HUHTAMAKI,20210302,277,282.45,275.7,279.25,162027
IBMFNIFTY,20210302,155.05,155.05,151,154,495
IBREALEST,20210302,95,102.5,94.55,99.8,16205769
IBULHSGFIN,20210302,224.25,235.5,223.25,229,26294462
ICEMAKE,20210302,76,76,73,73.2,13671
ICICI500,20210302,209.98,209.98,199.96,204.8,5952
ICICIALPLV,20210302,138.95,139.45,137.99,139.11,1888
ICICIB22,20210302,38,38.39,37.7,38.09,1431751
ICICIBANK,20210302,610,616.5,599,610.5,24051433
ICICIBANKN,20210302,359.5,359.5,348.31,351.18,8620
ICICIBANKP,20210302,186,187.46,184,186.08,16189
ICICIGI,20210302,1430,1465,1423.05,1431.2,458168
ICICIGOLD,20210302,40.7,40.93,40.26,40.47,740651
ICICILIQ,20210302,999,1000,999,999.99,10016
ICICILOVOL,20210302,118.7,119.7,115.37,118.36,4997
ICICIM150,20210302,90.95,91.85,90.45,91.37,5974
ICICIMCAP,20210302,89.21,94.9,87.4,88.04,10953
ICICINF100,20210302,169,171.5,160.01,161.87,4061
ICICINIFTY,20210302,177.7,177.7,157.01,158.61,63703
ICICINV20,20210302,76.97,76.97,74.35,76.71,5101
ICICINXT50,20210302,36.2,36.2,35.23,35.65,12824
ICICIPRULI,20210302,475,480.15,471.5,477.15,1389228
ICICISENSX,20210302,539.99,544.31,538,542.01,3483
ICICITECH,20210302,249.92,256.5,248.6,254.5,34217
ICIL,20210302,130.9,131.45,127.15,128.3,216250
ICRA,20210302,2798,2798,2734.75,2745.2,21642
IDBI,20210302,32.05,32.35,31.25,31.45,11436665
IDBIGOLD,20210302,4355.7,4355.7,4189.95,4202.25,588
IDEA,20210302,11.1,11.5,10.9,11.35,292065348
IDFC,20210302,54.65,55.6,54.1,54.5,5438212
IDFCFIRSTB,20210302,63.75,65.1,63.4,64.5,39385820
IDFNIFTYET,20210302,150.08,157,150.08,155.49,51
IEX,20210302,303.6,309,298.2,302.75,1698434
IFBAGRO,20210302,426,430.5,421.6,425.95,5244
IFBIND,20210302,1219,1240,1202.1,1215.05,19695
IFCI,20210302,9.7,11.05,9.55,10.7,43350797
IFGLEXPOR,20210302,261.75,266.7,254.1,255.35,34299
IGARASHI,20210302,323.4,326.45,318.5,319.4,71710
IGL,20210302,498,518.5,498,514.85,8097022
IGPL,20210302,465,484.5,464.95,472.1,93797
IIFL,20210302,285.35,289.4,281,284.8,565785
IIFLSEC,20210302,55.95,56.5,54.55,55,538204
IIFLWAM,20210302,1171.35,1213.65,1167.95,1210.1,26080
IITL,20210302,62,62,58.15,60.15,1609
IMAGICAA,20210302,6.9,7.45,6.7,7.25,1098947
IMFA,20210302,492.65,496.85,458.85,480.75,57100
IMPAL,20210302,697.05,698.9,676,692.3,4787
IMPEXFERRO,20210302,0.55,0.55,0.55,0.55,1910
INDBANK,20210302,14.75,15.1,14.3,14.5,179916
INDHOTEL,20210302,121.6,123.1,120,120.75,3107195
INDIACEM,20210302,177.65,182.2,174.25,176.6,4412196
INDIAGLYCO,20210302,515.85,528.8,508,517.25,294480
INDIAMART,20210302,8652.45,8685,8115.3,8304.6,177607
INDIANB,20210302,138.35,140.85,136.4,137.85,2694439
INDIANCARD,20210302,133.05,143,133.05,141.15,20622
INDIANHUME,20210302,189.8,191,186.95,188,38833
INDIGO,20210302,1675,1698.9,1667,1691.4,907278
INDIGOPNTS,20210302,2529,2717.7,2508,2640.5,201061
INDLMETER,20210302,16.2,16.25,15.95,16.25,2044
INDNIPPON,20210302,414,416.95,396.05,403.4,12957
INDOCO,20210302,299.3,299.7,292.55,295.55,75702
INDORAMA,20210302,36.15,36.85,35.7,36.4,33452
INDOSTAR,20210302,330.3,339.3,324.35,327.55,75933
INDOTECH,20210302,103.85,103.85,100.25,101.4,28656
INDOTHAI,20210302,51.05,52.35,50.45,51.6,19792
INDOWIND,20210302,4.35,4.4,4,4.2,166197
INDRAMEDCO,20210302,53.5,54,53.4,53.7,101644
INDSWFTLAB,20210302,78.2,78.2,74.15,74.65,59857
INDTERRAIN,20210302,36.75,36.75,35.9,36,87559
INDUSINDBK,20210302,1075,1086.3,1060,1073.35,4917345
INDUSTOWER,20210302,254.95,259.3,251.4,257.5,3724070
INEOSSTYRO,20210302,982,984,963.1,971.2,24634
INFIBEAM,20210302,103.4,103.4,98,99.8,5171851
INFOBEAN,20210302,157.95,157.95,149.5,151.75,36843
INFOMEDIA,20210302,3.95,4.3,3.95,4.2,25714
INFRABEES,20210302,439,441.9,432.01,437.87,1537
INFY,20210302,1282.25,1310,1279.2,1304.5,10461434
INGERRAND,20210302,747.95,748.5,735,742.45,21645
INOXLEISUR,20210302,310,316.55,309.9,316.05,366431
INOXWIND,20210302,69.9,71.5,69.1,70.8,175048
INSECTICID,20210302,457.8,464.55,455.85,458.2,66721
INSPIRISYS,20210302,36.2,37.95,36.1,36.95,8925
INTEGRA,20210302,2.15,2.25,2.05,2.25,16930
INTELLECT,20210302,431,440,424.95,435.95,520084
INTENTECH,20210302,37.65,37.65,35.1,35.7,20541
INVENTURE,20210302,20.95,24.75,20.6,24.75,686364
IOB,20210302,18,18,17.05,17.2,10736661
IOC,20210302,102.25,104.1,101.75,102.2,45720247
IOLCP,20210302,554,658.05,546.15,658.05,3324330
IPCALAB,20210302,1925,1929,1851.5,1907.05,345257
IRB,20210302,107.95,114,107.6,112.75,3931007
IRCON,20210302,96.7,100.65,96.5,97.9,4186728
IRCTC,20210302,1970.5,1988,1870.05,1897.65,5559277
IRFC,20210302,26.1,26.3,25.45,25.65,48494934
IRISDOREME,20210302,142.3,142.3,128.8,128.8,72846
ISEC,20210302,405.1,408.4,402.6,405.9,349178
ISFT,20210302,65.5,68.7,64.65,66.65,7600
ISMTLTD,20210302,10.85,10.85,10.15,10.25,176900
ITC,20210302,207,210.8,206.5,209.9,25604169
ITDC,20210302,328,336,322.05,323.35,128578
ITDCEM,20210302,82.1,82.85,79.5,79.85,673819
ITI,20210302,131,134,130.05,130.9,2198769
IVC,20210302,4.6,4.6,4.4,4.45,124763
IVP,20210302,138.8,138.8,126.1,131.55,2472
IVZINGOLD,20210302,4180,4227.95,4097.95,4114.65,139
IVZINNIFTY,20210302,1619.47,1620,1553.94,1613.33,496
IZMO,20210302,59.45,59.45,57.5,57.65,26909
J&KBANK,20210302,28.95,29.25,28.75,28.9,1565545
JAGRAN,20210302,61.95,63.4,55.65,57.25,2702507
JAGSNPHARM,20210302,90.55,94.85,88.4,88.85,417853
JAIBALAJI,20210302,31,31.1,30.1,31.1,118375
JAICORPLTD,20210302,93,109.2,92.5,105.5,17780690
JAMNAAUTO,20210302,68.75,70.5,68.55,68.9,1010246
JASH,20210302,296,296.85,276,287.8,29292
JAYAGROGN,20210302,142.6,146,138.95,141.5,32007
JAYBARMARU,20210302,240.5,244.75,238.65,242.6,31817
JAYNECOIND,20210302,8.85,8.85,8.85,8.85,58297
JAYSREETEA,20210302,71.7,75.5,71.55,74.25,509857
JBCHEPHARM,20210302,1174,1224,1141,1206.65,372320
JBFIND,20210302,12.55,12.55,11.9,12,251799
JBMA,20210302,434.8,434.8,423.3,426.45,29039
JCHAC,20210302,2777,2837.9,2717.05,2801.8,37234
JHS,20210302,24.9,24.9,23.2,23.75,31833
JIKIND,20210302,0.3,0.35,0.25,0.25,6628
JINDALPHOT,20210302,35.6,37,35.6,36,6675
JINDALPOLY,20210302,505,544.05,505,540.45,480456
JINDALSAW,20210302,80.3,81.5,78.9,79.95,1895156
JINDALSTEL,20210302,346.25,346.25,335.35,338.3,7687364
JINDRILL,20210302,98,98.5,92.8,93.1,39300
JINDWORLD,20210302,56.6,57.5,54.4,55.3,163711
JISLDVREQS,20210302,12.5,13.05,12.15,13.05,38116
JISLJALEQS,20210302,18.6,20.1,18.5,20.1,5307201
JITFINFRA,20210302,10,10,9.45,9.45,8494
JIYAECO,20210302,6.45,6.45,6.2,6.35,18255
JKCEMENT,20210302,2684.15,2684.15,2622,2631,50478
JKIL,20210302,190.2,198.9,190.2,193.1,249346
JKLAKSHMI,20210302,399.5,439.3,398.2,431.2,1713135
JKPAPER,20210302,146.4,161.9,146.4,160,5220940
JKTYRE,20210302,127,127.4,123.2,124.9,1897237
JMA,20210302,36,36,34.2,34.45,5597
JMCPROJECT,20210302,76.5,77,74.5,76.25,152098
JMFINANCIL,20210302,92,93.1,91.8,92.65,1042991
JMTAUTOLTD,20210302,2.8,2.85,2.7,2.75,248569
JOCIL,20210302,164,164,157.65,158.4,16256
JPASSOCIAT,20210302,9.25,9.25,9.15,9.25,22616648
JPINFRATEC,20210302,1.75,1.75,1.75,1.75,116063
JPPOWER,20210302,2.95,2.95,2.9,2.95,12650710
JSL,20210302,70.85,71.45,69.75,70.05,507397
JSLHISAR,20210302,123.05,124.4,121.55,122.4,268337
JSWENERGY,20210302,76,88.5,76,86.2,37918014
JSWHL,20210302,3750,3780,3678,3720.7,1400
JSWISPL,20210302,27.95,27.95,26.75,27,537692
JSWSTEEL,20210302,406.8,414.95,401,413.3,5055665
JTEKTINDIA,20210302,89.5,90.9,88.3,89,209414
JUBLFOOD,20210302,3050.7,3129.9,3050.65,3121.5,634423
JUBLINDS,20210302,213.5,214.5,205,209.8,56592
JUBLPHARMA,20210302,786.4,786.4,764.95,774.1,110241
JUMPNET,20210302,13.1,13.1,13.1,13.1,51792
JUNIORBEES,20210302,368,368.74,354,368.04,49110
JUSTDIAL,20210302,814.7,972.1,810.5,965.45,12625353
JYOTHYLAB,20210302,148.25,154.5,148.25,151.2,979586
KABRAEXTRU,20210302,149.05,157.3,143.1,144.5,277666
KAJARIACER,20210302,945,974.95,935,961.9,328514
KAKATCEM,20210302,179.65,194.25,175.35,184.3,73530
KALPATPOWR,20210302,389.75,394,385.3,391.3,208286
KALYANIFRG,20210302,194,199.55,185.5,192.9,2564
KAMATHOTEL,20210302,34.45,34.45,33.55,33.85,39425
KAMDHENU,20210302,135.7,147.95,135,142.2,531932
KANANIIND,20210302,4.8,4.8,4.45,4.45,17838
KANORICHEM,20210302,85,87.4,83,84.35,39600
KANPRPLA,20210302,132.85,132.9,128,128.8,19827
KANSAINER,20210302,563.5,572.95,562.35,571.05,93689
KAPSTON,20210302,97.35,107.55,97.35,106.6,5039
KARDA,20210302,118,121.25,115.8,121.2,380620
KARMAENG,20210302,16.4,16.4,15.05,16.25,2413
KARURVYSYA,20210302,59.1,60.4,58.75,59.2,1061766
KAUSHALYA,20210302,1.8,1.85,1.75,1.75,18457
KAYA,20210302,310,314,305.6,309.4,32105
KCP,20210302,81.85,83.55,78.25,78.9,438563
KCPSUGIND,20210302,16.1,16.8,15.95,16.25,629545
KDDL,20210302,322.45,322.45,302.05,305.4,6331
KEC,20210302,461.95,473.4,454.3,463.05,493596
KECL,20210302,14,14.4,13.3,13.5,89452
KEERTI,20210302,25.45,25.6,24,24.55,149374
KEI,20210302,495.9,500,492.95,496.55,189438
KELLTONTEC,20210302,75,75.1,73.3,73.8,624993
KENNAMET,20210302,1111,1139.45,1101.05,1118.3,8099
KERNEX,20210302,31,32.7,29.8,31.35,29416
KESORAMIND,20210302,79.75,82.3,77.5,78.15,1783475
KEYFINSERV,20210302,62.05,63,59.95,60.85,683
KHADIM,20210302,165.5,182,165.5,180.05,664225
KHAICHEM,20210302,27.3,27.3,25,25.4,388412
KHANDSE,20210302,14.15,14.15,14.15,14.15,1
KICL,20210302,1611.1,1611.1,1586,1598.95,981
KILITCH,20210302,89.9,90.5,87.9,88.4,20824
KINGFA,20210302,632.9,645.85,607.25,615.75,20149
KIOCL,20210302,173,183.55,171.1,183.55,893085
KIRIINDUS,20210302,468,469,457,459.35,104017
KIRLFER,20210302,158.25,174.15,156.85,169.5,506286
KIRLOSBROS,20210302,155.35,166.9,155.35,165.6,189870
KIRLOSENG,20210302,160.8,163.8,159.65,162.3,139254
KIRLOSIND,20210302,1220.9,1250,1180,1235.45,4862
KITEX,20210302,106.5,107.45,105.75,106.3,86612
KKCL,20210302,913.6,921.05,901.15,907.9,1018
KMSUGAR,20210302,11.05,11.45,10.95,11.15,176868
KNRCON,20210302,209.8,210.25,207,208.5,359464
KOKUYOCMLN,20210302,64,65.65,63.8,64.7,278276
KOLTEPATIL,20210302,246,251.7,242,247.85,116155
KOPRAN,20210302,119.45,120.6,115.15,115.95,327097
KOTAKBANK,20210302,1845,1868.4,1820.1,1844.65,3837149
KOTAKBKETF,20210302,370,370,352.62,357.13,427318
KOTAKGOLD,20210302,398.4,402.75,396.6,397.85,103408
KOTAKNIFTY,20210302,150,156.78,150,155.98,36517
KOTAKNV20,20210302,77.5,78.25,76.01,78.22,3239
KOTAKPSUBK,20210302,236.99,236.99,232.1,232.81,16215
KOTARISUG,20210302,25.95,26.3,23.3,25.35,156387
KOTHARIPET,20210302,31.5,31.75,27,28.05,401468
KOTHARIPRO,20210302,71.95,72.7,68.6,69.95,23867
KPITTECH,20210302,142.5,144.55,141.1,141.7,370431
KPRMILL,20210302,993.45,1018.95,944.4,958.35,146326
KRBL,20210302,197.4,203.85,195.05,201.4,674901
KREBSBIO,20210302,111,112.1,109.05,109.95,14652
KRIDHANINF,20210302,4.25,4.25,4.25,4.25,164952
KRISHANA,20210302,72.25,75,68.3,72.55,2741
KSB,20210302,740,772,724.1,764.95,97963
KSCL,20210302,519.9,534,519.9,524.25,266268
KSL,20210302,328.05,331.9,318,318.8,105072
KTKBANK,20210302,68.45,68.7,67.7,67.9,1417722
KUANTUM,20210302,53.1,59.95,53,57.05,169728
L&TFH,20210302,107.9,109.4,106.5,107,15436767
LALPATHLAB,20210302,2346,2368.75,2301.65,2336.3,120203
LAMBODHARA,20210302,45.6,48.2,45.6,47.55,23708
LAOPALA,20210302,220,224.9,218,222.2,107262
LASA,20210302,67.65,74.9,67.35,73.85,497521
LAURUSLABS,20210302,365.5,368.5,358.45,362.05,2619449
LAXMIMACH,20210302,6386,6578.5,6386,6465.75,12572
LEMONTREE,20210302,41,41,40.2,40.55,900680
LFIC,20210302,79.95,84,78.35,81.05,879
LGBBROSLTD,20210302,314.1,320,311.85,317.5,53661
LGBFORGE,20210302,4.2,4.2,3.9,4,70543
LIBAS,20210302,44,45,42.3,43.3,8968
LIBERTSHOE,20210302,144.85,146.2,142.95,144,144155
LICHSGFIN,20210302,435,443.55,434.2,441.45,3428247
LICNETFGSC,20210302,21.77,22.03,21.45,21.79,2578
LICNETFN50,20210302,162.75,163,156.4,157.39,472
LICNETFSEN,20210302,540,544.9,533.1,536.94,630
LICNFNHGP,20210302,151.6,153.98,150.05,152.91,397
LIKHITHA,20210302,281.3,283,274.25,279.8,116742
LINCOLN,20210302,235.7,242.8,234.95,236.95,239477
LINCPEN,20210302,171.25,171.5,168.15,169.3,4427
LINDEINDIA,20210302,1656,1795,1645,1721.65,194528
LIQUIDBEES,20210302,1000,1000.01,999.32,999.99,813365
LIQUIDETF,20210302,1000.04,1000.04,999.99,1000,23895
LOKESHMACH,20210302,35.05,36.9,35.05,36.3,8186
LOTUSEYE,20210302,35.8,39,34.15,37,13781
LOVABLE,20210302,88.25,90.45,87.25,88.35,29654
LPDC,20210302,2,2.1,1.9,2,14551
LSIL,20210302,1.05,1.15,1.05,1.15,6511759
LT,20210302,1479.3,1489.65,1458.15,1485.65,2089473
LTI,20210302,3640.55,3894,3627,3832.8,394399
LTTS,20210302,2575,2760.4,2565,2729.8,385403
LUMAXIND,20210302,1490,1650,1490,1636.15,38292
LUMAXTECH,20210302,145.5,149.9,141.95,147.65,278294
LUPIN,20210302,1026.8,1057.6,1026.8,1054.6,2072406
LUXIND,20210302,1760.5,1771.3,1739.9,1758.05,33041
LYKALABS,20210302,30.75,31,30.2,30.35,24889
LYPSAGEMS,20210302,5.1,5.3,5.1,5.3,32094
M&M,20210302,832.95,868,820.05,860.05,9706013
M&MFIN,20210302,207.9,209.65,205,207.5,4492902
M100,20210302,25.25,25.39,24.91,25.23,105059
M50,20210302,145.9,145.95,142.6,145.42,2268
MAANALU,20210302,164.6,168.7,160,162.2,62259
MACPOWER,20210302,98.95,101.4,97,101.4,30017
MADHAV,20210302,61.7,61.9,59.1,60.2,44838
MADHUCON,20210302,7.25,7.25,7.25,7.25,10257
MADRASFERT,20210302,28.95,29.75,28,28.35,311919
MAESGETF,20210302,24.1,25.2,24.1,25.1,157756
MAGADSUGAR,20210302,109.5,114.9,108.55,113.5,125869
MAGMA,20210302,123.4,127.65,122,123.6,3496344
MAGNUM,20210302,6.15,6.15,5.45,5.75,71592
MAHABANK,20210302,23.55,23.7,22.8,23.05,7207808
MAHAPEXLTD,20210302,79.5,79.5,75.1,76.05,29341
MAHASTEEL,20210302,94.65,96.3,92.1,93.65,11839
MAHEPC,20210302,152.95,154.2,151,152.45,94618
MAHESHWARI,20210302,84.95,84.95,82.45,83.2,29291
MAHINDCIE,20210302,184.6,188.5,180.5,186.75,363483
MAHLIFE,20210302,540,560,532,536.15,61284
MAHLOG,20210302,480,485.9,475,478.05,25804
MAHSCOOTER,20210302,3708,3741.65,3650,3686.9,7097
MAHSEAMLES,20210302,286.1,289.2,282.5,283.5,47380
MAITHANALL,20210302,614.9,625,608,611.8,76669
MAJESCO,20210302,116.9,116.9,116.9,116.9,71820
MALUPAPER,20210302,27.6,29.9,27.2,29.35,164661
MAN50ETF,20210302,151.49,152.76,150.95,152.21,140113
MANAKALUCO,20210302,8.55,8.9,8.45,8.55,9265
MANAKCOAT,20210302,12,12.3,11.1,11.75,89587
MANAKSIA,20210302,54.85,54.85,53.3,54.35,42559
MANAKSTEEL,20210302,21.75,22.05,21.5,21.55,51689
MANALIPETC,20210302,67.8,68.5,61.35,64.85,2154678
MANAPPURAM,20210302,174.65,178.05,173,173.25,4634524
MANGALAM,20210302,119.35,122.9,117.85,119.1,108766
MANGCHEFER,20210302,82.5,92.4,82.4,87.2,5769677
MANGLMCEM,20210302,280,284.8,277.2,282.35,46023
MANGTIMBER,20210302,10.55,11.65,10.55,11.2,5242
MANINDS,20210302,76.95,77.65,75.75,76.6,138666
MANINFRA,20210302,35.9,36.5,35.6,36,331028
MANUGRAPH,20210302,13.45,13.55,12.4,12.95,18439
MANXT50,20210302,345.88,348.73,345.2,348.73,9216
MARALOVER,20210302,26.65,28.5,26.65,28.45,40153
MARATHON,20210302,84.4,84.55,82.8,83.95,474389
MARICO,20210302,402,408.05,401,406.7,2414479
MARINE,20210302,66,66,62,62.55,187268
MARKSANS,20210302,56.6,56.6,53.5,54,1718551
MARUTI,20210302,7060,7235,7030,7214.1,1395296
MASFIN,20210302,950.1,977,910,918,44007
MASTEK,20210302,1179,1187,1146.15,1160,130989
MATRIMONY,20210302,1148.65,1160,1100,1112.05,23234
MAWANASUG,20210302,39.8,42.05,39.55,40.9,213765
MAXHEALTH,20210302,185.6,193.55,185.1,188.95,1020719
MAXIND,20210302,63.45,64,63,63.25,284813
MAXVIL,20210302,63,65.75,61.3,62.65,1069348
MAYURUNIQ,20210302,420,424.85,416,416.65,36057
MAZDA,20210302,537.8,537.85,513.15,520.45,3326
MAZDOCK,20210302,219.95,228.65,219.65,224.75,2510274
MBAPL,20210302,78.95,80.5,77.85,77.85,1141
MBECL,20210302,12.25,12.35,11.35,11.9,1000326
MBLINFRA,20210302,21.4,21.4,20.55,20.95,104338
MCDHOLDING,20210302,40.5,41.5,40.25,41.15,35404
MCDOWELL-N,20210302,550,556.25,544,552.05,3078825
MCL,20210302,96.6,96.6,91.9,92.95,19307
MCLEODRUSS,20210302,22.7,22.9,22.5,22.9,536982
MCX,20210302,1518,1521,1496,1502.65,210276
MEGASOFT,20210302,11.45,11.45,10.15,10.6,50652
MEGH,20210302,82.95,83.7,81.1,82.75,1561511
MENONBE,20210302,62.9,64.4,62,63.15,123577
MEP,20210302,16.7,17.3,16.6,17.15,452233
MERCATOR,20210302,1.05,1.05,1,1.05,702883
METALFORGE,20210302,5.85,5.85,5.4,5.85,18411
METROPOLIS,20210302,1980,1980,1891.1,1932.2,277219
MFSL,20210302,868.9,906,868,892.95,2406331
MGEL,20210302,45.25,50,45.25,48.25,73017
MGL,20210302,1163,1202.4,1161.05,1184.2,593277
MHRIL,20210302,230,234,229.8,231.45,33302
MIC,20210302,0.65,0.7,0.6,0.65,79990
MIDHANI,20210302,196.5,204.7,196.5,201.3,2705689
MINDACORP,20210302,107.6,110.5,106,108.1,1337571
MINDAIND,20210302,570,574,556.05,562.7,66930
MINDTECK,20210302,44.9,45.25,44.55,44.8,6444
MINDTREE,20210302,1644,1749.9,1636.1,1734.75,1400680
MIRCELECTR,20210302,14.85,14.9,14,14.75,549010
MIRZAINT,20210302,53.75,55.15,53.65,54.4,1407136
MITTAL,20210302,11.3,11.3,10.7,10.75,178625
MMFL,20210302,474.95,485.8,467.3,468.4,6283
MMP,20210302,89.6,93.9,89.6,90.25,7495
MMTC,20210302,50,52.55,45.2,50.65,37338236
MODIRUBBER,20210302,169.4,169.4,169.4,169.4,1925
MOHITIND,20210302,7.35,7.8,7.35,7.65,5917
MOHOTAIND,20210302,7.5,7.65,7.25,7.45,34045
MOIL,20210302,160,177.9,160,171.6,6220050
MOLDTECH,20210302,41.75,43,41.2,41.65,32314
MOLDTKPAC,20210302,407,409.15,393.15,398.7,29799
MONTECARLO,20210302,230,237,230,235.65,35858
MORARJEE,20210302,13.75,14.1,13,13.8,23216
MOREPENLAB,20210302,29.3,29.45,28.95,29.05,1216530
MOTHERSUMI,20210302,231.95,235.6,226.15,232.6,22802026
MOTILALOFS,20210302,612,615,606.1,610.2,120060
MOTOGENFIN,20210302,20.25,20.25,18.95,19.1,3981
MPHASIS,20210302,1640,1715,1618.3,1688.05,568161
MPSLTD,20210302,484,498.95,475.55,492.6,16195
MRF,20210302,90148.75,90274,88446.95,89680.4,34837
MRO-TEK,20210302,29.65,29.7,29.65,29.7,862
MRPL,20210302,44,46.1,43.3,43.65,8317854
MSPL,20210302,7.85,7.85,7.35,7.55,20815
MSTCLTD,20210302,314.9,319.95,302.1,310.45,1533815
MTEDUCARE,20210302,8,8.5,7.95,8.05,335715
MTNL,20210302,13.6,14.5,13.55,14,7331162
MUKANDENGG,20210302,13.65,13.65,12.8,13,8150
MUKANDLTD,20210302,63.95,63.95,61.65,62.1,68460
MUKTAARTS,20210302,31.85,31.9,31.15,31.4,5143
MUNJALAU,20210302,63.35,63.35,61.5,61.75,224774
MUNJALSHOW,20210302,160,160,155.05,156.2,74901
MURUDCERA,20210302,22.8,22.8,22,22.15,73291
MUTHOOTCAP,20210302,416,416,403.85,407.6,33689
MUTHOOTFIN,20210302,1306,1327,1300.55,1310.9,843375
N100,20210302,994.9,994.9,952,954.79,59113
NACLIND,20210302,41.8,41.9,39.7,41.25,123075
NAGAFERT,20210302,6,6,6,6,277278
NAGREEKCAP,20210302,5.55,6.05,5.55,6.05,189
NAGREEKEXP,20210302,17.9,17.9,16.95,17.65,23951
NAHARCAP,20210302,89.1,93.95,89.1,92.25,6881
NAHARINDUS,20210302,47.3,49.15,47.25,49.15,49119
NAHARPOLY,20210302,86.7,93.3,86.7,92,72512
NAHARSPING,20210302,90,95.25,90,95.25,183428
NAM-INDIA,20210302,347,356.95,340.2,345.65,1575544
NATCOPHARM,20210302,825,825,799.05,802.2,323291
NATHBIOGEN,20210302,290,301,289,296.7,133137
NATIONALUM,20210302,60.05,60.75,58.6,59.15,20623334
NATNLSTEEL,20210302,3.85,3.85,3.85,3.85,2732
NAUKRI,20210302,4959,5038,4870.55,4962.45,519520
NAVINFLUOR,20210302,2695,2875,2687.3,2805.75,718069
NAVKARCORP,20210302,40.35,41.4,39.6,41.15,1061747
NAVNETEDUL,20210302,90,90.85,87.3,87.95,86270
NBCC,20210302,50,54.05,49.8,52.3,66648341
NBIFIN,20210302,1735.75,1823,1735.05,1786.35,115
NBVENTURES,20210302,72.35,74.3,70.7,71.55,2489959
NCC,20210302,92.65,96.8,92.1,93.85,9359435
NCLIND,20210302,182.8,182.8,176.4,178.8,345138
NCPSESDL24,20210302,101.97,102.1,101.97,102.05,2751
NDGL,20210302,787.95,837.4,785.25,800,50
NDL,20210302,28.7,30,28.5,29,18717
NDRAUTO,20210302,240.95,240.95,231.6,233.3,2874
NDTV,20210302,50.4,52.5,49.9,51.6,92952
NECCLTD,20210302,9.5,10.3,9.5,9.85,122953
NECLIFE,20210302,20.8,20.8,19.9,20.1,445381
NELCAST,20210302,66.05,70.25,66,68.75,256210
NELCO,20210302,220,228.1,217.85,222.25,310884
NEOGEN,20210302,834.85,844.15,812,822.7,48132
NESCO,20210302,596,607.95,596,600.7,45054
NESTLEIND,20210302,16302,16620,16289.75,16576.15,123097
NETF,20210302,173.15,176.15,169.01,173.75,1553
NETFCONSUM,20210302,65.96,68,64.02,66.22,11058
NETFDIVOPP,20210302,37.68,37.99,36.11,36.49,1705
NETFIT,20210302,25.39,25.81,24.65,25.62,877371
NETFLTGILT,20210302,22.68,22.68,21.96,22.01,56627
NETFMID150,20210302,91.39,92.06,90.58,91.81,69260
NETFNIF100,20210302,153.1,155.35,153,154.52,940
NETFNV20,20210302,77.01,79.85,77.01,79.41,2795
NETWORK18,20210302,43.2,44,40.9,41.55,6694302
NEULANDLAB,20210302,2088,2110,2032,2039.6,43149
NEWGEN,20210302,301.65,304.95,298.05,298.9,38759
NEXTMEDIA,20210302,4.3,4.55,4.25,4.3,16709
NFL,20210302,68.5,69.85,58.75,64.65,32822535
NH,20210302,438.5,438.95,429,430.75,150453
NHPC,20210302,24.8,25.25,24.6,24.9,8916510
NIACL,20210302,157.3,160.45,153.65,154.4,1067117
NIBL,20210302,9.35,9.35,9.35,9.35,1925
NIFTYBEES,20210302,159.41,159.99,158.01,159.57,1674905
NIITLTD,20210302,196.85,198,195.1,196.15,213200
NILAINFRA,20210302,5.2,5.25,5.1,5.15,97098
NILASPACES,20210302,1.75,1.8,1.7,1.75,125512
NILKAMAL,20210302,1803.3,1859.2,1803.3,1832.2,8709
NIPPOBATRY,20210302,743,775,740.25,743.25,6022
NIRAJ,20210302,42.65,42.65,40.1,41.2,12817
NITCO,20210302,22.95,23.5,22.6,23.05,70549
NITINSPIN,20210302,79.45,81.85,78,78.55,317764
NKIND,20210302,26.15,26.15,23.85,24.2,6352
NLCINDIA,20210302,56.05,57.45,54.8,55.05,6602968
NMDC,20210302,134.2,134.85,131.6,133.85,16681767
NOCIL,20210302,172.5,182.8,172.4,180.7,3617712
NOIDATOLL,20210302,6.75,6.75,6.25,6.35,97344
NORBTEAEXP,20210302,6.8,7.1,6.6,7,2386
NOVARTIND,20210302,615,621,610,614.45,11083
NPBET,20210302,186.95,189,184,189,90
NRAIL,20210302,255,266,242.15,261.8,169311
NRBBEARING,20210302,117,119,116.55,117.5,272027
NSIL,20210302,1107.8,1176,1092.75,1106.05,2301
NTL,20210302,0.85,0.85,0.8,0.8,4155
NTPC,20210302,108.45,113.7,107.9,112.55,53649872
NUCLEUS,20210302,526.1,533.65,520.75,523.9,49657
NURECA,20210302,747.45,747.45,676.35,676.35,73562
NXTDIGITAL,20210302,492,516.95,485.25,494.55,5688
OAL,20210302,604.45,606.85,592,598.75,23833
OBEROIRLTY,20210302,558,564.95,551.05,563.3,215837
OCCL,20210302,888.55,923.55,885.55,909.7,9888
OFSS,20210302,3170,3248.75,3170,3197.85,89148
OIL,20210302,127.8,129.7,126.7,127.55,2210306
OILCOUNTUB,20210302,3.75,3.8,3.5,3.8,4057
OLECTRA,20210302,179.05,183,175.5,176.95,306176
OMAXAUTO,20210302,47.35,47.6,45.75,46.65,36768
OMAXE,20210302,70.9,71.4,69.2,70.45,40509
OMINFRAL,20210302,24.5,24.7,23.7,24.55,62336
OMKARCHEM,20210302,6.2,6.2,6.2,6.2,5751
ONELIFECAP,20210302,6.75,7.2,6.7,6.9,4257
ONEPOINT,20210302,13.8,13.85,13,13.15,26501
ONGC,20210302,115.9,116.65,112.75,113.5,36303917
ONMOBILE,20210302,108.3,108.65,100.35,100.8,1790607
ONWARDTEC,20210302,104.7,105.7,100.55,101.9,111032
OPTIEMUS,20210302,187,189.2,184.7,189.2,57467
OPTOCIRCUI,20210302,4.4,4.4,4.2,4.25,491454
ORBTEXP,20210302,64.3,65.95,63.45,64.35,24243
ORCHPHARMA,20210302,953.05,953.05,953.05,953.05,16
ORICONENT,20210302,21.95,22.75,21.3,22.75,65922
ORIENTABRA,20210302,23.05,23.8,22.55,22.9,51734
ORIENTALTL,20210302,7.25,7.45,7.05,7.2,118940
ORIENTBELL,20210302,225.5,225.5,220.2,222.35,34121
ORIENTCEM,20210302,95.4,98,95.05,96.3,752165
ORIENTELEC,20210302,274.7,279.8,272.35,275.05,772637
ORIENTHOT,20210302,23.5,23.5,23.1,23.25,26439
ORIENTLTD,20210302,91.85,92.85,89.5,89.5,321
ORIENTPPR,20210302,26.15,29.5,25.15,29.1,9272908
ORIENTREF,20210302,235.85,235.85,227.05,228.55,337939
ORISSAMINE,20210302,2690,2724,2542.95,2573.6,27411
OSWALAGRO,20210302,11.35,11.55,10.95,11.05,208471
PAGEIND,20210302,28200,29510,28200,29463.25,48268
PAISALO,20210302,850,880,782,802.85,119682
PALASHSECU,20210302,43.2,44.95,43,43.8,27684
PALREDTEC,20210302,117.35,117.35,111.8,117.35,9511
PANACEABIO,20210302,195.5,204.25,195.5,201.55,231506
PANACHE,20210302,47.2,51,47,47.7,22583
PANAMAPET,20210302,179.2,181.75,175,177.4,118376
PARACABLES,20210302,8.95,9.15,8.7,8.7,523468
PARAGMILK,20210302,111.4,112.2,109.15,109.85,280734
PARSVNATH,20210302,8.25,8.25,8.25,8.25,74688
PATELENG,20210302,13.95,14.3,13.85,14.15,428506
PATINT-RE,20210302,14.2,14.75,12.7,13.05,125272
PATINTLOG,20210302,26.65,26.65,25.2,25.45,56970
PATSPINLTD,20210302,5.45,5.45,5.2,5.2,9128
PCJEWELLER,20210302,30.15,30.25,29.5,29.7,1528771
PDMJEPAPER,20210302,26.45,27.95,25.65,27.1,528412
PDSMFL,20210302,649.85,655,639,652.65,2633
PEARLPOLY,20210302,15.55,15.55,14.4,14.95,8932
PEL,20210302,1900,1938,1889.1,1918.7,1252304
PENIND,20210302,21.25,21.25,20.65,20.85,155862
PENINLAND,20210302,5.95,5.95,5.95,5.95,74006
PERSISTENT,20210302,1699.85,1732.5,1656.35,1708.4,195570
PETRONET,20210302,254,257.45,252.1,256.75,3465975
PFC,20210302,127.95,131.65,127.55,129.6,7525391
PFIZER,20210302,4670,4678,4620.05,4653.7,42002
PFOCUS,20210302,56.95,59.6,55.55,57.5,130924
PFS,20210302,20.25,21.95,20,21.75,7647793
PGEL,20210302,333.05,333.05,303.2,333.05,174207
PGHH,20210302,13070.6,13149,13021.35,13090.75,7291
PGHL,20210302,6639,6803,6490,6776.3,19469
PGIL,20210302,169.85,169.85,164.2,165.35,1653
PHILIPCARB,20210302,199.5,200.95,194.6,196.35,831706
PHOENIXLTD,20210302,838.9,840,818,826.05,72351
PIDILITIND,20210302,1711,1735,1701.5,1729.35,475037
PIIND,20210302,2184,2320,2170.15,2275.2,651820
PILANIINVS,20210302,1914,1936.95,1877.6,1909.45,3761
PILITA,20210302,15.8,16,15.1,15.3,224433
PIONDIST,20210302,106.95,109.25,105.35,109,23387
PIONEEREMB,20210302,40.65,41.5,39.3,40,11843
PITTIENG,20210302,57.6,61.4,57.4,59.4,263574
PKTEA,20210302,223,236.7,222,224.05,456
PLASTIBLEN,20210302,243,252,240,249.2,20079
PNB,20210302,41.15,41.65,40.7,41,115358594
PNBGILTS,20210302,54.05,54.4,53.4,53.8,469823
PNBHOUSING,20210302,434.3,449.3,434,438.8,296826
PNC,20210302,18.6,19.2,18.1,18.75,86180
PNCINFRA,20210302,269.6,270.95,263.2,264.15,341312
PODDARHOUS,20210302,212,216.95,207.05,208.05,1816
PODDARMENT,20210302,206.9,208.45,204,205.85,5535
POKARNA,20210302,210.9,236.9,206.3,228.9,554531
POLYCAB,20210302,1356,1374.8,1342,1365.8,191834
POLYMED,20210302,721.8,727.1,693.5,714.8,104078
POLYPLEX,20210302,788.5,814.9,780.5,804.15,218502
PONNIERODE,20210302,148.75,158.7,145.1,153.6,20185
POWERGRID,20210302,229,229.35,223.35,225.05,10250883
POWERINDIA,20210302,1448.35,1448.35,1389.75,1424.6,38802
POWERMECH,20210302,544.5,549.45,535.05,540.15,57242
PPAP,20210302,236.6,239.5,222.55,228.4,123467
PPL,20210302,120,121.55,117.15,118.45,170653
PRABHAT,20210302,74.6,82.4,74.6,79.9,753910
PRAENG,20210302,8.85,9.35,8.85,9.05,25575
PRAJIND,20210302,166.25,182,160.6,173.2,7083619
PRAKASH,20210302,54.6,63.75,54.25,63.05,8857999
PRAKASHSTL,20210302,0.8,0.8,0.75,0.75,269970
PRAXIS,20210302,50.45,52.2,50,51.5,3002
PRECAM,20210302,42.5,44,41.5,43.55,316910
PRECOT,20210302,94.4,94.4,91.7,94.4,14307
PRECWIRE,20210302,174.25,180,171.05,174.75,54093
PREMEXPLN,20210302,147,156,144.1,155.1,65516
PREMIER,20210302,3.5,3.65,3.35,3.65,10148
PREMIERPOL,20210302,38.7,38.85,37,37.8,3127
PRESSMN,20210302,24.75,25.4,24.7,24.9,19343
PRESTIGE,20210302,305.8,309.95,298.1,302.85,1084361
PRICOLLTD,20210302,72.1,72.5,68.7,70.85,1673362
PRIMESECU,20210302,40.05,41.7,39.8,40.65,20322
PRINCEPIPE,20210302,403.75,474.4,403,435.7,1540141
PRIVISCL,20210302,670,670.95,647,649.5,33637
PROZONINTU,20210302,19.45,21.05,19,20.7,527330
PRSMJOHNSN,20210302,104.25,107.65,104.25,106.1,369067
PSB,20210302,18.3,18.55,17.85,17.95,739713
PSPPROJECT,20210302,479.4,479.9,470.2,477.55,109157
PSUBNKBEES,20210302,26.4,26.5,25.86,25.99,452299
PTC,20210302,74.35,77.45,74.05,76.05,2512996
PTL,20210302,41,42.8,40.8,40.9,148813
PUNJABCHEM,20210302,960,979,914.55,922.95,11583
PURVA,20210302,80.3,82,78.8,79.25,176559
PVR,20210302,1380,1402.2,1365,1389.8,904779
QGOLDHALF,20210302,1965,1986,1953,1964,2390
QNIFTY,20210302,1540,1540,1532,1532,2
QUESS,20210302,753.8,769.1,730.6,738.55,192602
QUICKHEAL,20210302,153.95,159.5,153.5,156.9,295672
RADAAN,20210302,0.75,0.75,0.75,0.75,12801
RADICO,20210302,606,618,592.5,614.1,481321
RADIOCITY,20210302,24.95,25.3,24.5,24.75,275358
RAILTEL,20210302,159,174.7,155.9,174.7,47816924
RAIN,20210302,164.9,168.75,160,161.25,3449796
RAJESHEXPO,20210302,508.75,517.5,502.1,516,169447
RAJRATAN,20210302,649.7,676.4,609.2,624.55,31719
RAJSREESUG,20210302,17,17.45,16.55,16.9,42278
RAJTV,20210302,34.9,35.3,34.2,35.2,4413
RALLIS,20210302,257.45,261.8,257.4,258,525532
RAMANEWS,20210302,14.65,15.65,14.2,15.25,386633
RAMASTEEL,20210302,75,75,72.55,74.4,9069
RAMCOCEM,20210302,1005,1012.05,982.15,994.05,745680
RAMCOIND,20210302,254,257.8,254,255.35,124874
RAMCOSYS,20210302,585.65,611.95,585.65,592.3,107376
RAMKY,20210302,84.65,84.65,80,84.65,156014
RANASUG,20210302,6.75,7.65,6.7,7.55,2937485
RANEENGINE,20210302,274.65,283.3,270,276.8,10686
RANEHOLDIN,20210302,631.4,637.5,619.9,623.95,20392
RATNAMANI,20210302,1920,2002.6,1920,1981.55,39423
RAYMOND,20210302,382,385.7,376,378.45,807295
RBL,20210302,853,853,830.95,832.8,7563
RBLBANK,20210302,237,241,233.8,236.75,11756320
RCF,20210302,97.7,100.15,83.7,90.1,45066101
RCOM,20210302,1.8,1.8,1.8,1.8,2834624
RECLTD,20210302,139.6,142.3,138.4,140,7893367
REDINGTON,20210302,186.6,202.9,181.35,192.1,374212
REFEX,20210302,89.95,90.55,88.25,89.05,92643
RELAXO,20210302,848.4,853.6,833.2,837,152176
RELCAPITAL,20210302,11.15,11.25,10.5,10.75,3593774
RELIANCE,20210302,2122,2130,2089.1,2106,7915073
RELIGARE,20210302,89.45,91.95,86.5,88.65,1944238
RELINFRA,20210302,33.2,33.95,31.8,32.4,3586414
REMSONSIND,20210302,147.8,151.75,142.5,145.3,2280
RENUKA,20210302,10.3,10.45,10,10.35,6225380
REPCOHOME,20210302,336.5,341,322.7,329.45,164714
REPL,20210302,184.9,185,175.05,178.3,11155
REPRO,20210302,372.75,376.15,368.65,372.7,5315
RESPONIND,20210302,174,183,171.05,178.45,93198
REVATHI,20210302,523,523,491.5,502.6,7702
RGL,20210302,307,307,292,293,3884
RHFL,20210302,2.55,2.6,2.3,2.5,2683994
RICOAUTO,20210302,44,44.35,41.65,42.45,1017741
RIIL,20210302,404.9,451.8,404.55,434.8,2658658
RITES,20210302,261,273,256,270.25,2206445
RKDL,20210302,7.9,7.9,7.15,7.7,17082
RKEC,20210302,64.3,65.75,62.1,63.4,19919
RKFORGE,20210302,549.95,574.4,549.95,565.5,136537
RMCL,20210302,2.9,2.9,2.7,2.8,94754
RML,20210302,370,370,346,352.55,60558
ROHLTD,20210302,67.8,68.4,67,67.1,25465
ROLLT,20210302,3.6,3.65,3.4,3.45,34564
ROLTA,20210302,4.15,4.2,4.1,4.15,395672
ROML,20210302,112.55,112.55,112.55,112.55,846
ROSSARI,20210302,1038.5,1068.8,1021,1024.95,115372
ROSSELLIND,20210302,107.25,111.4,103.85,110.25,35747
ROUTE,20210302,1724,1763.7,1700,1747.1,348401
RPGLIFE,20210302,417.05,419.2,411,411.7,30012
RPOWER,20210302,4.65,4.65,4.25,4.5,177823578
RPPINFRA,20210302,67.8,77.25,67.35,74.05,691668
RPSGVENT,20210302,319.9,320.75,310.05,313.8,73790
RSSOFTWARE,20210302,24.05,24.85,23.7,24.55,26306
RSWM,20210302,162.55,164.5,160.8,163.15,17761
RSYSTEMS,20210302,118.55,119.85,115.25,117.05,25097
RTNINFRA,20210302,6.75,6.8,6.55,6.6,377912
RTNPOWER,20210302,2.95,3,2.9,3,11838101
RUBYMILLS,20210302,180.7,183,179,179.85,4237
RUCHI,20210302,738.9,738.9,720,724.4,22911
RUCHINFRA,20210302,6.75,6.95,6.7,6.8,83304
RUCHIRA,20210302,67.75,72.7,67.15,72.05,387476
RUPA,20210302,309.25,314.9,309,309.35,72147
RUSHIL,20210302,188.2,195.35,188.2,195.35,21668
RVHL,20210302,20.6,21,20,20.65,38290
RVNL,20210302,32.75,33.45,32.2,32.6,9770561
S&SPOWER,20210302,21,21.35,21,21.35,3260
SABEVENTS,20210302,1.55,1.6,1.5,1.5,13578
SABTN,20210302,1.5,1.55,1.45,1.45,1979
SADBHAV,20210302,73.25,76.3,73.25,74.7,657724
SADBHIN,20210302,23,23.8,22.8,23.3,452301
SAFARI,20210302,660,684,650.15,668.7,17342
SAGARDEEP,20210302,48.4,48.4,40.1,44.15,17100
SAGCEM,20210302,711.75,711.75,692.3,695.05,17450
SAIL,20210302,78.95,81.5,77.5,78.8,94777460
SAKAR,20210302,97.3,98.4,93.35,93.65,23681
SAKHTISUG,20210302,9.8,10.35,9.75,10.05,216809
SAKSOFT,20210302,352,359,350.95,353,26600
SAKUMA,20210302,5.25,5.45,5.15,5.25,1076196
SALASAR,20210302,374.6,379.9,370.15,372.3,52803
SALONA,20210302,87.5,91.5,87.5,88,2726
SALSTEEL,20210302,3.6,3.75,3.55,3.65,21335
SALZERELEC,20210302,124,126,122.25,124.7,59294
SAMBHAAV,20210302,2.8,2.85,2.65,2.65,33664
SANCO,20210302,12,12,11.5,11.6,88075
SANDESH,20210302,716.7,716.75,686.75,697.05,840
SANDHAR,20210302,232,233.95,229.35,231.55,51709
SANGAMIND,20210302,74,77.7,73,75.45,11642
SANGHIIND,20210302,43.8,44.15,42.55,43.05,1234305
SANGHVIFOR,20210302,24.95,26.7,24.95,26.6,1552
SANGHVIMOV,20210302,107.95,107.95,102.5,102.85,43755
SANGINITA,20210302,26,26.2,25.1,25.5,32824
SANOFI,20210302,8280,8350,8258,8326.25,7988
SARDAEN,20210302,379.8,387.85,374,377.35,62400
SAREGAMA,20210302,1094,1124.95,1086.95,1107.15,83102
SARLAPOLY,20210302,26.7,27.45,26.2,26.75,210045
SASKEN,20210302,849,885.8,848,879.2,55795
SASTASUNDR,20210302,128.1,137.5,126.3,128.5,70644
SATIA,20210302,83.3,90,82.2,87.65,183014
SATIN,20210302,97,104.2,93.05,102.95,1683950
SBICARD,20210302,1127,1139,1090.05,1108.15,1678897
SBIETFIT,20210302,250,254.99,250,254.18,3136
SBIETFPB,20210302,187.5,190.95,186.1,189.42,1984
SBIETFQLTY,20210302,126.49,126.5,124.42,125.9,9071
SBILIFE,20210302,876.75,886,870.5,879.15,1583910
SBIN,20210302,395,399.55,390.55,394.2,30534337
SCAPDVR,20210302,1.75,1.75,1.75,1.75,21791
SCHAEFFLER,20210302,5151.05,5228.45,5142.95,5205.5,21432
SCHAND,20210302,99.8,102,93.7,96.05,532904
SCHNEIDER,20210302,114.75,115.3,112.4,113.8,502284
SCI,20210302,118,124.5,115.5,124.5,30135072
SDBL,20210302,34.8,36.3,34,34.4,383058
SEAMECLTD,20210302,489.45,491.4,472.2,475.4,26942
SECURKLOUD,20210302,88.95,89.5,84.5,86.65,45969
SELAN,20210302,132.8,135.35,132,133.55,159077
SEPOWER,20210302,4.1,4.2,4,4.1,15766
SEQUENT,20210302,248,249,242.2,243.6,313539
SESHAPAPER,20210302,162.35,171.45,162,167.95,404232
SETCO,20210302,17.45,17.8,17.05,17.35,321556
SETF10GILT,20210302,202,202,199,199.56,380
SETFGOLD,20210302,4083,4090,4039,4063.15,21728
SETFNIF50,20210302,152.47,155,152.2,153.84,92461
SETFNIFBK,20210302,355,355.96,349.21,353.35,28054
SETFNN50,20210302,362.99,365,357.05,364.4,9483
SETUINFRA,20210302,0.8,0.85,0.75,0.8,105730
SEYAIND,20210302,50.85,51.6,49.65,51.1,25696
SFL,20210302,2001,2030.95,1993.25,2011.2,16829
SGL,20210302,9.95,9.95,9,9.3,12794
SHAHALLOYS,20210302,7.35,7.35,7.35,7.35,35
SHAKTIPUMP,20210302,549,557,527.1,532.25,79895
SHALBY,20210302,106.9,108.8,106.9,107.85,90910
SHALPAINTS,20210302,93.95,94.95,92.1,92.6,129319
SHANKARA,20210302,454.6,460.7,445.15,451.7,70989
SHANTIGEAR,20210302,133.3,138.75,133.2,136.65,75706
SHARDACROP,20210302,330,337.2,330,331.1,78821
SHARDAMOTR,20210302,2200,2240,2165.05,2186.95,2137
SHAREINDIA,20210302,237.95,237.95,229.5,230.95,5045
SHARIABEES,20210302,352,356.85,349,354,814
SHEMAROO,20210302,67.5,70,67.5,68.7,53473
SHIL,20210302,304,311.3,295,302.45,173063
SHILPAMED,20210302,369.9,372.3,366.9,368.2,137156
SHIVAMAUTO,20210302,20.7,21,20.1,20.4,113706
SHIVAMILLS,20210302,45,45,43.15,44.9,39088
SHIVATEX,20210302,141,141.85,133.7,134.7,9399
SHK,20210302,118.7,120.05,118,119.85,203642
SHOPERSTOP,20210302,212.65,215,209.8,212.1,141132
SHREDIGCEM,20210302,60.5,62.5,60.5,61.95,1863519
SHREECEM,20210302,27710,27800,27280.05,27658.75,39347
SHREEPUSHK,20210302,142,143.3,137.6,138.75,38321
SHREERAMA,20210302,8.4,8.45,8.05,8.3,32443
SHRENIK,20210302,2.85,2.85,2.65,2.65,2928334
SHREYANIND,20210302,84.45,88.4,82,86.4,152083
SHREYAS,20210302,83,85,81.1,84.2,129801
SHRIPISTON,20210302,795.55,795.55,775,775,642
SHRIRAMCIT,20210302,1518,1617.2,1518,1563.95,14501
SHRIRAMEPC,20210302,4.55,4.85,4.45,4.5,584079
SHYAMCENT,20210302,5.65,5.8,5.35,5.4,137458
SHYAMTEL,20210302,10.85,10.85,10.85,10.85,5805
SICAGEN,20210302,15.2,15.5,14.85,15.2,20227
SICAL,20210302,17.95,18.5,16.65,16.85,1665204
SIEMENS,20210302,1919.95,1945,1903.35,1939.65,364909
SIGIND,20210302,37.35,39.5,34.1,34.5,228257
SIL,20210302,14,14,14,14,2570
SILINV,20210302,205,209.6,201.15,201.55,2929
SILLYMONKS,20210302,22.65,24,22.2,22.35,10001
SIMBHALS,20210302,6.95,7.1,6.7,7,62435
SIMPLEXINF,20210302,36.35,37.2,35.55,35.65,207602
SINTERCOM,20210302,91.15,95.1,88.25,88.4,10898
SINTEX,20210302,3.7,3.8,3.65,3.7,1315543
SIRCA,20210302,339,340,325.35,332.7,10268
SIS,20210302,427,433.9,426,430.75,125380
SITINET,20210302,0.9,0.95,0.85,0.9,3951063
SIYSIL,20210302,220.65,225,217.6,220.8,88288
SJVN,20210302,27.1,27.55,26.85,27.15,6306972
SKFINDIA,20210302,2228,2259.55,2213.55,2242.1,40824
SKIL,20210302,3.4,3.4,3.1,3.1,137101
SKIPPER,20210302,63,63.8,61.5,62.45,55731
SKMEGGPROD,20210302,50.75,50.85,50,50.15,30410
SMARTLINK,20210302,90,90.9,88.2,88.85,16536
SMCGLOBAL,20210302,99,99.25,94.95,95.05,95449
SMLISUZU,20210302,493,499.9,490.4,493.45,18782
SMSLIFE,20210302,545,545,529.95,536.45,2323
SMSPHARMA,20210302,135.5,136.9,131.6,132.3,125896
SNOWMAN,20210302,53.15,53.7,51.4,52.6,1585759
SOBHA,20210302,442.8,455,441,451.35,88233
SOLARA,20210302,1338,1354,1286,1327.35,110889
SOLARINDS,20210302,1374,1374,1323,1338.3,12235
SOMANYCERA,20210302,434.95,453.5,432,445.05,54087
SOMATEX,20210302,8.45,8.45,7.65,8.05,222279
SOMICONVEY,20210302,31.15,31.65,30.1,30.9,6534
SONATSOFTW,20210302,482.95,499.4,482.95,488.9,517613
SORILINFRA,20210302,194.8,199,188.1,189.45,98889
SOTL,20210302,1084,1092.8,1073.65,1079.35,28223
SOUTHBANK,20210302,10.6,10.75,10,10.25,54573089
SOUTHWEST,20210302,50,50.95,48.8,49,18036
SPAL,20210302,182,187.65,175.55,176.85,35386
SPANDANA,20210302,609.1,613.9,595.5,601.35,138164
SPARC,20210302,166.6,171.95,166.55,170.45,798218
SPECIALITY,20210302,43.75,46.05,43.7,45.3,120854
SPENCERS,20210302,77.9,79.85,77.5,78.25,340569
SPIC,20210302,31.2,33.9,30.5,31.75,6000145
SPICEJET,20210302,83.5,84.9,83.2,83.85,2549216
SPLIL,20210302,37.05,37.9,37,37.1,28917
SPMLINFRA,20210302,13.1,13.25,12.6,12.8,23100
SPTL,20210302,3.4,3.65,3.35,3.45,1654906
SPYL,20210302,0.45,0.45,0.4,0.4,295062
SREEL,20210302,144.9,146.4,144.9,145,18356
SREINFRA,20210302,6.45,7.1,6.4,6.85,2762613
SRF,20210302,5450,5550,5421,5501.8,119790
SRHHYPOLTD,20210302,239,286.35,239,275.75,479919
SRIPIPES,20210302,171,186,170.05,175.85,293964
SRPL,20210302,31.4,33.6,30.4,32,1862
SRTRANSFIN,20210302,1346.5,1376,1330.95,1350.55,1714090
SSWL,20210302,640.05,661.7,640.05,656.3,27958
STAR,20210302,843.05,890.9,832.1,881.1,655517
STARCEMENT,20210302,99.25,99.25,97.7,98.1,137627
STARPAPER,20210302,118.85,130,117.65,128.3,1036803
STCINDIA,20210302,104.5,108.9,100.25,100.8,249932
STEELCITY,20210302,36.8,37.6,35.1,36.9,326546
STEELXIND,20210302,52.95,54.9,50,53.35,288506
STEL,20210302,81.1,83.5,80.55,82.5,31142
STERTOOLS,20210302,224.6,224.7,215.35,222.55,24457
STLTECH,20210302,219.9,224,219,220.65,1516989
STOVEKRAFT,20210302,514.7,519.8,501.2,504.15,317207
SUBCAPCITY,20210302,17.15,18.95,17.15,18.95,221
SUBEXLTD,20210302,27.9,30.65,27.35,28.9,14268934
SUBROS,20210302,354.8,354.8,341,343.6,66707
SUDARSCHEM,20210302,577,584,563.45,574.7,426704
SUMICHEM,20210302,300.35,301.95,296.1,299.3,556285
SUMIT,20210302,9.05,9.05,8.5,8.9,13544
SUMMITSEC,20210302,561.25,582,561.25,569.95,7326
SUNCLAYLTD,20210302,3582.55,3600.05,3510,3564.2,15871
SUNDARAM,20210302,1.35,1.35,1.3,1.35,166453
SUNDARMFIN,20210302,2608,2646.4,2532.3,2618.2,45240
SUNDARMHLD,20210302,89.4,91.5,87.4,88.5,656259
SUNDRMBRAK,20210302,354.35,364.75,351.65,356.15,2112
SUNDRMFAST,20210302,715,725.25,707.55,713.4,69848
SUNFLAG,20210302,65.05,71.4,64.7,69.15,3814194
SUNPHARMA,20210302,609,616.35,604.5,614.2,4776776
SUNTECK,20210302,351.75,356.5,348.9,350.35,126890
SUNTV,20210302,507.4,516.75,503.05,513.3,2815702
SUPERHOUSE,20210302,128.2,131.55,128.05,129.6,33433
SUPERSPIN,20210302,4.9,4.95,4.65,4.7,58668
SUPPETRO,20210302,419.9,425.7,414,421.4,163296
SUPRAJIT,20210302,284.75,290,283.5,284.95,91391
SUPREMEENG,20210302,26,27,25.15,26.75,72421
SUPREMEIND,20210302,2100,2104.1,2078.1,2091.55,47348
SURANASOL,20210302,8.9,8.95,8.65,8.8,38762
SURANAT&P,20210302,4.6,4.8,4.55,4.75,199110
SURYALAXMI,20210302,29.5,30.1,28.05,28.4,22145
SURYAROSNI,20210302,345,359,342.65,352.9,170198
SUTLEJTEX,20210302,45.7,46.45,44.4,44.85,296267
SUULD,20210302,210.8,210.8,210.8,210.8,6326
SUVEN,20210302,84.4,86.6,84,84.4,339894
SUVENPHAR,20210302,485,488.65,472,480.45,260121
SUZLON,20210302,5.9,6.05,5.85,5.95,29405618
SWANENERGY,20210302,147.7,148.9,144.5,146.95,152725
SWARAJENG,20210302,1350.05,1410,1350.05,1391.25,61781
SWELECTES,20210302,212,214.85,192.95,195.2,89282
SWSOLAR,20210302,244.9,254.3,242.4,245.3,776529
SYMPHONY,20210302,1247,1446.4,1230,1446.4,1738495
SYNGENE,20210302,558.8,569,550.1,552.5,459626
TAINWALCHM,20210302,68.95,70.9,67.1,68,11252
TAJGVK,20210302,124.8,125.95,123.75,124,66995
TAKE,20210302,57.1,57.9,56.55,56.85,823607
TALBROAUTO,20210302,212.2,216,201.2,207.95,99166
TANLA,20210302,948,988.45,947.4,988.45,461965
TARC,20210302,34.1,34.4,31.5,32.7,800295
TARMAT,20210302,52.75,55.6,51.3,54.5,90051
TASTYBITE,20210302,15119.6,15614,14550,14791.5,1509
TATACHEM,20210302,745,746,723.1,733.65,7804433
TATACOFFEE,20210302,132.05,132.25,127.3,128.3,2573117
TATACOMM,20210302,1120.8,1333.95,1099.2,1202.95,1147870
TATACONSUM,20210302,628.5,636,622,632.35,3051386
TATAELXSI,20210302,2645.75,2646.95,2570,2586.1,419330
TATAINVEST,20210302,1150,1155,1119.3,1146.7,72529
TATAMETALI,20210302,777,800,765.5,793.3,275838
TATAMOTORS,20210302,331.1,347.2,326.45,345.75,127708761
TATAMTRDVR,20210302,132.85,140.6,131.25,139.9,10767114
TATAPOWER,20210302,100,100.8,98,100.35,67108317
TATASTEEL,20210302,730.45,739.75,723.15,735.5,11113399
TATASTLBSL,20210302,47.6,47.65,46.65,47.3,7106027
TATASTLLP,20210302,697,701.9,682.5,694.2,93941
TBZ,20210302,78,78.65,75.25,75.95,104615
TCI,20210302,247,248.1,242.1,244.95,53350
TCIDEVELOP,20210302,307.95,313.65,307.4,310,179
TCIEXP,20210302,930.7,938,905.05,915.05,20333
TCIFINANCE,20210302,5.8,6.05,5.55,5.9,30994
TCNSBRANDS,20210302,497,501,490.05,495.55,15418
TCPLPACK,20210302,378.6,380.95,369.25,378,3852
TCS,20210302,2960,3025,2948,3006.35,3306469
TDPOWERSYS,20210302,158.4,161.35,156.5,157.75,31024
TEAMLEASE,20210302,3627,3669.65,3501.25,3560.7,16393
TECHM,20210302,944.5,971,942,967.1,3703190
TECHNOE,20210302,314,318,306.05,312,924814
TEJASNET,20210302,192.75,194.4,185.5,187.9,319231
TERASOFT,20210302,43.6,43.6,41.5,42.35,40897
TEXINFRA,20210302,74.2,74.7,70.9,72.35,220597
TEXMOPIPES,20210302,30.9,31.35,30.25,31.1,197543
TEXRAIL,20210302,31.7,32.5,31,32,2870518
TFCILTD,20210302,58.2,59.3,57.15,57.55,363254
TFL,20210302,2.35,2.35,2.35,2.35,98
TGBHOTELS,20210302,4.25,4.4,4.25,4.4,39460
THANGAMAYL,20210302,638,644.1,626.4,628.75,19767
THEINVEST,20210302,104.5,104.5,92.3,95.3,12676
THEMISMED,20210302,307.45,321,305.3,306.7,20660
THERMAX,20210302,1397.8,1458.95,1391.3,1417.55,112496
THOMASCOOK,20210302,45.65,47.95,45.65,47.1,726761
THOMASCOTT,20210302,6.65,7.25,6.65,7.2,659
THYROCARE,20210302,929,929,902.65,911.6,336365
TI,20210302,28.35,28.8,27.8,27.95,143721
TIDEWATER,20210302,4814,4836.9,4696,4716.8,5593
TIIL,20210302,405.85,405.9,389.25,394.25,17876
TIINDIA,20210302,1067.8,1098,1044,1090.1,150378
TIJARIA,20210302,7.3,7.3,6.95,7,903
TIL,20210302,174.65,175.8,168.05,172.2,9319
TIMESGTY,20210302,26.85,26.85,25.1,25.95,5113
TIMETECHNO,20210302,59.95,61.5,58.3,59.15,813396
TIMKEN,20210302,1262,1305,1262,1291.05,16168
TINPLATE,20210302,176.5,176.8,172.5,173.5,367568
TIPSINDLTD,20210302,450.4,469,430.1,451.7,70296
TIRUMALCHM,20210302,99.4,102,98.7,99.45,815404
TIRUPATIFL,20210302,24.75,24.75,24.75,24.75,200
TITAN,20210302,1469,1474,1450,1471.15,1293306
TMRVL,20210302,12,12,11.75,11.9,66564
TNPETRO,20210302,57.3,57.85,52.05,54.35,2445755
TNPL,20210302,135.7,142.9,133,141.55,1426182
TNTELE,20210302,5.95,5.95,5.95,5.95,19200
TOKYOPLAST,20210302,70.7,71,69.8,70.2,6078
TORNTPHARM,20210302,2450,2488.7,2421.05,2470.15,454781
TORNTPOWER,20210302,390,395.5,384.85,388.95,1463776
TOTAL,20210302,60.8,60.8,55.25,55.75,25499
TOUCHWOOD,20210302,92.25,96.95,92,92.55,2346
TPLPLASTEH,20210302,165.85,171.1,160.25,165.6,17946
TREEHOUSE,20210302,6.9,7.65,6.9,7.4,56003
TREJHARA,20210302,31.7,32.05,31,31.1,33008
TRENT,20210302,838,921.55,830.45,905.9,3800314
TRF,20210302,98.05,99,96.7,97.3,11108
TRIDENT,20210302,13.8,14.3,13.75,13.95,17026504
TRIGYN,20210302,70.85,70.9,68.75,69.6,69883
TRIL,20210302,18.25,18.95,17,17.65,211513
TRITURBINE,20210302,113,114.6,109.5,110.1,253782
TRIVENI,20210302,89.75,92.4,87.5,90.2,2235793
TTKHLTCARE,20210302,570.5,585,563.1,567.55,2873
TTKPRESTIG,20210302,7310,8080,7137.5,7921.9,64896
TTL,20210302,44.55,46,44.5,45.95,2115
TTML,20210302,15.35,15.4,14.6,14.65,3041656
TV18BRDCST,20210302,33,33.45,31.2,32.15,17508905
TVSELECT,20210302,192.25,192.25,173.95,173.95,869281
TVSMOTOR,20210302,620,634.9,609,632.4,2775784
TVSSRICHAK,20210302,1927.7,1959,1920.2,1927,5479
TVTODAY,20210302,280.3,284.95,274,275.15,110608
TVVISION,20210302,1.7,1.7,1.6,1.7,6453
TWL,20210302,51.5,56.7,51.2,54.5,1809175
UBL,20210302,1197.9,1212.9,1180,1208.3,320796
UCALFUEL,20210302,155.7,157.7,153.35,156.25,85356
UCOBANK,20210302,13.9,14,13.65,13.75,4046132
UFLEX,20210302,364.9,374.8,364.9,368.1,209811
UFO,20210302,82.3,82.4,81.3,81.8,87549
UGARSUGAR,20210302,17,17.6,16.8,17.4,427048
UJAAS,20210302,2.9,2.95,2.85,2.95,1292993
UJJIVAN,20210302,247.9,250.45,243,244.5,561068
UJJIVANSFB,20210302,34.2,34.45,33.4,33.5,3054318
ULTRACEMCO,20210302,6375,6473.85,6312.1,6423.1,438046
UMANGDAIRY,20210302,64.65,65.5,61.1,64.6,70872
UMESLTD,20210302,3.35,3.4,3.35,3.35,21206
UNICHEMLAB,20210302,322.9,339.7,322.9,337.35,110059
UNIDT,20210302,264.85,264.85,258.05,261.2,9934
UNIENTER,20210302,83.85,90,82.6,83,82899
UNIONBANK,20210302,40.7,40.95,38.45,38.8,11101042
UNITEDTEA,20210302,310.1,331,307.95,316.95,2084
UNIVASTU,20210302,30.5,30.7,29,30.7,6980
UNIVCABLES,20210302,136.5,138.45,134.9,137.35,54628
UNIVPHOTO,20210302,179.55,182.35,177.2,180.45,2090
UPL,20210302,603,608.8,580.15,589.45,10602015
URJA,20210302,7.2,7.3,7,7.1,1693118
USHAMART,20210302,31,31.05,29.85,30.3,1111447
UTIAMC,20210302,586,590,579.95,581.55,119321
UTIBANKETF,20210302,35.3,35.71,35.04,35.45,52420
UTINEXT50,20210302,412.04,412.04,361,363.91,18718
UTINIFTETF,20210302,1612,1612,1580,1590.25,358
UTISENSETF,20210302,537.93,540.14,531.31,535.7,790
UTISXN50,20210302,41.51,42.62,38.66,40.02,3943
UTTAMSTL,20210302,7.3,7.3,7,7.05,137975
UTTAMSUGAR,20210302,100,103.7,99.05,101.95,180078
V2RETAIL,20210302,135.05,139,134.05,136.9,29111
VADILALIND,20210302,872.6,895,871.4,889.5,9366
VAIBHAVGBL,20210302,3605,3745.5,3572.65,3691.95,44714
VAISHALI,20210302,39,39.6,38.2,38.7,18027
VAKRANGEE,20210302,53,53.2,52,52.3,1274281
VALIANTORG,20210302,1247.25,1262.75,1230,1234.85,14391
VARDHACRLC,20210302,40,41.25,38.8,39.85,121131
VARDMNPOLY,20210302,24.8,24.8,24.8,24.8,42719
VARROC,20210302,410.75,418,405.25,409.3,57781
VASCONEQ,20210302,17.55,17.75,17,17.1,201704
VASWANI,20210302,11.9,11.9,11.9,11.9,38259
VBL,20210302,1059.9,1061,1035.45,1054.95,245382
VEDL,20210302,215.75,217.95,213.2,214.75,12729476
VENKEYS,20210302,1609.95,1618,1599.05,1606.4,32741
VENUSREM,20210302,219,226.8,219,222.15,80437
VERTOZ,20210302,285,290,280.1,283.05,101997
VESUVIUS,20210302,1054,1054,1034,1040.55,3861
VETO,20210302,148.8,151.8,144,145.8,227218
VGUARD,20210302,224.7,227.5,223,224.2,355215
VHL,20210302,1800,1976.4,1755.05,1976.4,15137
VICEROY,20210302,2.75,2.75,2.65,2.65,45130
VIDHIING,20210302,138.9,140,136,138.25,63917
VIJIFIN,20210302,0.75,0.75,0.7,0.7,323746
VIKASECO,20210302,2.8,2.8,2.7,2.8,4175579
VIKASMCORP,20210302,3.65,3.65,3.6,3.65,2602375
VIKASPROP,20210302,2.65,2.7,2.6,2.6,3002278
VIKASWSP,20210302,5.65,5.65,5.35,5.65,977389
VIMTALABS,20210302,166,170.95,164.6,165.35,29970
VINATIORGA,20210302,1460.85,1466,1420,1426.25,41227
VINDHYATEL,20210302,842,857,835,845.7,19185
VINYLINDIA,20210302,136.45,137.4,131.55,133.75,143312
VIPCLOTHNG,20210302,14.5,14.5,13.8,14.1,56596
VIPIND,20210302,408.35,412.8,396.05,398,974849
VIPULLTD,20210302,31.65,31.65,31.65,31.65,10009
VISAKAIND,20210302,510,516.9,505.25,506.95,21639
VISASTEEL,20210302,6.3,6.45,6.1,6.15,17163
VISHAL,20210302,65,65,64.8,65,22901
VISHNU,20210302,194,204.2,192,197.7,75694
VISHWARAJ,20210302,133.9,134.75,123.25,128.25,290561
VIVIDHA,20210302,0.8,0.8,0.8,0.8,175842
VIVIMEDLAB,20210302,16.75,17.6,16.75,17,948920
VLSFINANCE,20210302,95,96.5,92.4,93.3,102937
VMART,20210302,2634,2711.05,2612,2678.35,22627
VOLTAMP,20210302,1179.65,1188,1152,1177.15,5566
VOLTAS,20210302,1051,1072.5,1044.15,1067.65,2157106
VRLLOG,20210302,269,269,258,259.65,102779
VSSL,20210302,171,176.1,166,169.2,210877
VSTIND,20210302,3475,3475.05,3428.85,3433.7,27702
VSTTILLERS,20210302,1944,1975,1868.45,1889.05,28645
VTL,20210302,1192,1200,1162,1169.15,42367
WABAG,20210302,282.55,287.5,270.15,274.35,533433
WABCOINDIA,20210302,5906,6049.95,5902.55,6012.65,2891
WALCHANNAG,20210302,66.7,75.6,66.4,72.15,1981374
WATERBASE,20210302,112.4,112.4,110,110.6,150163
WEALTH,20210302,134.15,146.05,134.15,138.85,885
WEBELSOLAR,20210302,42.7,42.7,40.45,40.85,106417
WEIZMANIND,20210302,47.7,48,45.5,45.7,13022
WELCORP,20210302,133.05,135.75,131.45,133.45,1121838
WELENT,20210302,86,90.1,85.1,87.65,249657
WELINV,20210302,367.3,369.9,357,358.45,627
WELSPUNIND,20210302,69.4,69.95,67.4,67.95,761477
WENDT,20210302,3270.25,3313.35,3270.25,3286.3,765
WESTLIFE,20210302,523.8,535,510,516.05,268205
WHEELS,20210302,464.55,468.75,460,462.8,9931
WHIRLPOOL,20210302,2460,2474.95,2400.65,2423.5,72379
WILLAMAGOR,20210302,21.5,21.55,20.9,21.1,16735
WINDMACHIN,20210302,20.8,21.5,20.5,21.45,24104
WIPL,20210302,54.5,56,52,53.75,5736
WIPRO,20210302,419.7,433.1,418.25,430.4,14875234
WOCKPHARMA,20210302,502,519.4,497,510.5,1065650
WONDERLA,20210302,207,209.9,201,208.65,85316
WORTH,20210302,56.55,60.75,56.55,57.8,33575
WSI,20210302,4,4.4,3.85,4.35,38698
WSTCSTPAPR,20210302,224.4,254.3,224.35,250.8,1167429
XCHANGING,20210302,69,69,67.4,68.5,98944
XELPMOC,20210302,296,305,290.1,295.95,19172
XPROINDIA,20210302,58,60.6,57.5,59.9,59070
YAARII,20210302,172.1,178.65,163.55,166.45,448499
YESBANK,20210302,16.5,16.65,16.25,16.3,82198118
ZEEL,20210302,217,221.4,214.35,220.15,20946460
ZEELEARN,20210302,11.75,11.8,11.55,11.6,481474
ZEEMEDIA,20210302,6.5,6.5,6.35,6.5,4105542
ZENITHEXPO,20210302,72.8,74.7,67.3,69.8,4092
ZENSARTECH,20210302,294,299.5,290.6,297.25,269699
ZENTEC,20210302,84.45,87,84.45,86.3,180596
ZODIACLOTH,20210302,104.2,105.8,102.9,104.95,73219
ZODJRDMKJ,20210302,28.4,28.45,27.25,27.75,3139
ZOTA,20210302,154.1,154.95,150.05,153,10298
ZUARI,20210302,107.5,108.9,104.15,105,250838
ZUARIGLOB,20210302,92.3,92.3,88.2,89.5,38020
ZYDUSWELL,20210302,1926.75,1936,1886.85,1907.05,30834
